        hour            z         tsoi
       0.500        0.000       10.381
       0.500       -1.250       10.886
       0.500       -3.750       11.786
       0.500       -6.250       12.570
       0.500       -8.750       13.237
       0.500      -11.250       13.793
       0.500      -13.750       14.246
       0.500      -16.250       14.605
       0.500      -18.750       14.881
       0.500      -21.250       15.086
       0.500      -23.750       15.231
       0.500      -26.250       15.326
       0.500      -28.750       15.380
       0.500      -31.250       15.403
       0.500      -33.750       15.402
       0.500      -36.250       15.384
       0.500      -38.750       15.353
       0.500      -41.250       15.315
       0.500      -43.750       15.272
       0.500      -46.250       15.228
       0.500      -48.750       15.185
       0.500      -51.250       15.144
       0.500      -53.750       15.106
       0.500      -56.250       15.071
       0.500      -58.750       15.041
       0.500      -61.250       15.014
       0.500      -63.750       14.992
       0.500      -66.250       14.973
       0.500      -68.750       14.957
       0.500      -71.250       14.945
       0.500      -73.750       14.935
       0.500      -76.250       14.927
       0.500      -78.750       14.921
       0.500      -81.250       14.917
       0.500      -83.750       14.914
       0.500      -86.250       14.911
       0.500      -88.750       14.910
       0.500      -91.250       14.909
       0.500      -93.750       14.908
       0.500      -96.250       14.907
       0.500      -98.750       14.907
       1.000        0.000       10.170
       1.000       -1.250       10.647
       1.000       -3.750       11.515
       1.000       -6.250       12.286
       1.000       -8.750       12.955
       1.000      -11.250       13.524
       1.000      -13.750       13.996
       1.000      -16.250       14.380
       1.000      -18.750       14.683
       1.000      -21.250       14.915
       1.000      -23.750       15.087
       1.000      -26.250       15.207
       1.000      -28.750       15.285
       1.000      -31.250       15.329
       1.000      -33.750       15.346
       1.000      -36.250       15.343
       1.000      -38.750       15.325
       1.000      -41.250       15.297
       1.000      -43.750       15.263
       1.000      -46.250       15.226
       1.000      -48.750       15.187
       1.000      -51.250       15.149
       1.000      -53.750       15.113
       1.000      -56.250       15.080
       1.000      -58.750       15.050
       1.000      -61.250       15.024
       1.000      -63.750       15.001
       1.000      -66.250       14.982
       1.000      -68.750       14.965
       1.000      -71.250       14.952
       1.000      -73.750       14.941
       1.000      -76.250       14.932
       1.000      -78.750       14.926
       1.000      -81.250       14.920
       1.000      -83.750       14.916
       1.000      -86.250       14.914
       1.000      -88.750       14.911
       1.000      -91.250       14.910
       1.000      -93.750       14.909
       1.000      -96.250       14.908
       1.000      -98.750       14.907
       1.500        0.000       10.043
       1.500       -1.250       10.482
       1.500       -3.750       11.303
       1.500       -6.250       12.048
       1.500       -8.750       12.708
       1.500      -11.250       13.279
       1.500      -13.750       13.764
       1.500      -16.250       14.165
       1.500      -18.750       14.490
       1.500      -21.250       14.746
       1.500      -23.750       14.941
       1.500      -26.250       15.084
       1.500      -28.750       15.184
       1.500      -31.250       15.248
       1.500      -33.750       15.283
       1.500      -36.250       15.295
       1.500      -38.750       15.291
       1.500      -41.250       15.274
       1.500      -43.750       15.249
       1.500      -46.250       15.218
       1.500      -48.750       15.185
       1.500      -51.250       15.151
       1.500      -53.750       15.118
       1.500      -56.250       15.087
       1.500      -58.750       15.058
       1.500      -61.250       15.033
       1.500      -63.750       15.010
       1.500      -66.250       14.990
       1.500      -68.750       14.973
       1.500      -71.250       14.959
       1.500      -73.750       14.947
       1.500      -76.250       14.938
       1.500      -78.750       14.930
       1.500      -81.250       14.924
       1.500      -83.750       14.919
       1.500      -86.250       14.916
       1.500      -88.750       14.913
       1.500      -91.250       14.911
       1.500      -93.750       14.910
       1.500      -96.250       14.908
       1.500      -98.750       14.907
       2.000        0.000       10.000
       2.000       -1.250       10.395
       2.000       -3.750       11.154
       2.000       -6.250       11.860
       2.000       -8.750       12.499
       2.000      -11.250       13.064
       2.000      -13.750       13.552
       2.000      -16.250       13.964
       2.000      -18.750       14.305
       2.000      -21.250       14.580
       2.000      -23.750       14.796
       2.000      -26.250       14.960
       2.000      -28.750       15.080
       2.000      -31.250       15.162
       2.000      -33.750       15.214
       2.000      -36.250       15.242
       2.000      -38.750       15.251
       2.000      -41.250       15.245
       2.000      -43.750       15.229
       2.000      -46.250       15.206
       2.000      -48.750       15.179
       2.000      -51.250       15.150
       2.000      -53.750       15.121
       2.000      -56.250       15.092
       2.000      -58.750       15.065
       2.000      -61.250       15.040
       2.000      -63.750       15.017
       2.000      -66.250       14.997
       2.000      -68.750       14.980
       2.000      -71.250       14.965
       2.000      -73.750       14.953
       2.000      -76.250       14.943
       2.000      -78.750       14.935
       2.000      -81.250       14.928
       2.000      -83.750       14.923
       2.000      -86.250       14.918
       2.000      -88.750       14.915
       2.000      -91.250       14.913
       2.000      -93.750       14.911
       2.000      -96.250       14.909
       2.000      -98.750       14.908
       2.500        0.000       10.043
       2.500       -1.250       10.387
       2.500       -3.750       11.071
       2.500       -6.250       11.726
       2.500       -8.750       12.334
       2.500      -11.250       12.882
       2.500      -13.750       13.365
       2.500      -16.250       13.781
       2.500      -18.750       14.132
       2.500      -21.250       14.421
       2.500      -23.750       14.654
       2.500      -26.250       14.836
       2.500      -28.750       14.974
       2.500      -31.250       15.074
       2.500      -33.750       15.142
       2.500      -36.250       15.184
       2.500      -38.750       15.206
       2.500      -41.250       15.211
       2.500      -43.750       15.205
       2.500      -46.250       15.190
       2.500      -48.750       15.170
       2.500      -51.250       15.146
       2.500      -53.750       15.120
       2.500      -56.250       15.094
       2.500      -58.750       15.069
       2.500      -61.250       15.045
       2.500      -63.750       15.023
       2.500      -66.250       15.004
       2.500      -68.750       14.987
       2.500      -71.250       14.972
       2.500      -73.750       14.959
       2.500      -76.250       14.948
       2.500      -78.750       14.939
       2.500      -81.250       14.932
       2.500      -83.750       14.926
       2.500      -86.250       14.921
       2.500      -88.750       14.917
       2.500      -91.250       14.914
       2.500      -93.750       14.912
       2.500      -96.250       14.910
       2.500      -98.750       14.909
       3.000        0.000       10.170
       3.000       -1.250       10.457
       3.000       -3.750       11.056
       3.000       -6.250       11.648
       3.000       -8.750       12.213
       3.000      -11.250       12.736
       3.000      -13.750       13.206
       3.000      -16.250       13.619
       3.000      -18.750       13.974
       3.000      -21.250       14.272
       3.000      -23.750       14.518
       3.000      -26.250       14.714
       3.000      -28.750       14.868
       3.000      -31.250       14.983
       3.000      -33.750       15.066
       3.000      -36.250       15.123
       3.000      -38.750       15.157
       3.000      -41.250       15.174
       3.000      -43.750       15.177
       3.000      -46.250       15.170
       3.000      -48.750       15.156
       3.000      -51.250       15.138
       3.000      -53.750       15.116
       3.000      -56.250       15.094
       3.000      -58.750       15.071
       3.000      -61.250       15.049
       3.000      -63.750       15.028
       3.000      -66.250       15.009
       3.000      -68.750       14.992
       3.000      -71.250       14.977
       3.000      -73.750       14.964
       3.000      -76.250       14.953
       3.000      -78.750       14.944
       3.000      -81.250       14.936
       3.000      -83.750       14.929
       3.000      -86.250       14.924
       3.000      -88.750       14.920
       3.000      -91.250       14.916
       3.000      -93.750       14.914
       3.000      -96.250       14.911
       3.000      -98.750       14.909
       3.500        0.000       10.381
       3.500       -1.250       10.605
       3.500       -3.750       11.107
       3.500       -6.250       11.628
       3.500       -8.750       12.141
       3.500      -11.250       12.628
       3.500      -13.750       13.077
       3.500      -16.250       13.480
       3.500      -18.750       13.833
       3.500      -21.250       14.135
       3.500      -23.750       14.389
       3.500      -26.250       14.597
       3.500      -28.750       14.764
       3.500      -31.250       14.893
       3.500      -33.750       14.989
       3.500      -36.250       15.058
       3.500      -38.750       15.105
       3.500      -41.250       15.132
       3.500      -43.750       15.145
       3.500      -46.250       15.147
       3.500      -48.750       15.140
       3.500      -51.250       15.127
       3.500      -53.750       15.110
       3.500      -56.250       15.091
       3.500      -58.750       15.071
       3.500      -61.250       15.051
       3.500      -63.750       15.032
       3.500      -66.250       15.013
       3.500      -68.750       14.997
       3.500      -71.250       14.982
       3.500      -73.750       14.969
       3.500      -76.250       14.958
       3.500      -78.750       14.948
       3.500      -81.250       14.939
       3.500      -83.750       14.933
       3.500      -86.250       14.927
       3.500      -88.750       14.922
       3.500      -91.250       14.918
       3.500      -93.750       14.915
       3.500      -96.250       14.912
       3.500      -98.750       14.910
       4.000        0.000       10.670
       4.000       -1.250       10.829
       4.000       -3.750       11.225
       4.000       -6.250       11.665
       4.000       -8.750       12.117
       4.000      -11.250       12.561
       4.000      -13.750       12.981
       4.000      -16.250       13.366
       4.000      -18.750       13.711
       4.000      -21.250       14.013
       4.000      -23.750       14.271
       4.000      -26.250       14.487
       4.000      -28.750       14.663
       4.000      -31.250       14.803
       4.000      -33.750       14.912
       4.000      -36.250       14.993
       4.000      -38.750       15.050
       4.000      -41.250       15.088
       4.000      -43.750       15.110
       4.000      -46.250       15.120
       4.000      -48.750       15.120
       4.000      -51.250       15.113
       4.000      -53.750       15.101
       4.000      -56.250       15.086
       4.000      -58.750       15.069
       4.000      -61.250       15.051
       4.000      -63.750       15.033
       4.000      -66.250       15.017
       4.000      -68.750       15.001
       4.000      -71.250       14.986
       4.000      -73.750       14.973
       4.000      -76.250       14.962
       4.000      -78.750       14.952
       4.000      -81.250       14.943
       4.000      -83.750       14.936
       4.000      -86.250       14.930
       4.000      -88.750       14.925
       4.000      -91.250       14.920
       4.000      -93.750       14.917
       4.000      -96.250       14.914
       4.000      -98.750       14.911
       4.500        0.000       11.033
       4.500       -1.250       11.123
       4.500       -3.750       11.408
       4.500       -6.250       11.759
       4.500       -8.750       12.142
       4.500      -11.250       12.535
       4.500      -13.750       12.919
       4.500      -16.250       13.280
       4.500      -18.750       13.611
       4.500      -21.250       13.907
       4.500      -23.750       14.165
       4.500      -26.250       14.384
       4.500      -28.750       14.568
       4.500      -31.250       14.717
       4.500      -33.750       14.835
       4.500      -36.250       14.926
       4.500      -38.750       14.994
       4.500      -41.250       15.042
       4.500      -43.750       15.073
       4.500      -46.250       15.090
       4.500      -48.750       15.097
       4.500      -51.250       15.096
       4.500      -53.750       15.089
       4.500      -56.250       15.078
       4.500      -58.750       15.065
       4.500      -61.250       15.050
       4.500      -63.750       15.034
       4.500      -66.250       15.018
       4.500      -68.750       15.003
       4.500      -71.250       14.990
       4.500      -73.750       14.977
       4.500      -76.250       14.965
       4.500      -78.750       14.955
       4.500      -81.250       14.947
       4.500      -83.750       14.939
       4.500      -86.250       14.932
       4.500      -88.750       14.927
       4.500      -91.250       14.922
       4.500      -93.750       14.918
       4.500      -96.250       14.915
       4.500      -98.750       14.913
       5.000        0.000       11.464
       5.000       -1.250       11.484
       5.000       -3.750       11.652
       5.000       -6.250       11.908
       5.000       -8.750       12.216
       5.000      -11.250       12.551
       5.000      -13.750       12.892
       5.000      -16.250       13.224
       5.000      -18.750       13.535
       5.000      -21.250       13.819
       5.000      -23.750       14.072
       5.000      -26.250       14.292
       5.000      -28.750       14.479
       5.000      -31.250       14.635
       5.000      -33.750       14.761
       5.000      -36.250       14.861
       5.000      -38.750       14.938
       5.000      -41.250       14.994
       5.000      -43.750       15.033
       5.000      -46.250       15.058
       5.000      -48.750       15.072
       5.000      -51.250       15.077
       5.000      -53.750       15.076
       5.000      -56.250       15.069
       5.000      -58.750       15.059
       5.000      -61.250       15.046
       5.000      -63.750       15.033
       5.000      -66.250       15.019
       5.000      -68.750       15.005
       5.000      -71.250       14.992
       5.000      -73.750       14.980
       5.000      -76.250       14.969
       5.000      -78.750       14.959
       5.000      -81.250       14.950
       5.000      -83.750       14.942
       5.000      -86.250       14.935
       5.000      -88.750       14.929
       5.000      -91.250       14.924
       5.000      -93.750       14.920
       5.000      -96.250       14.917
       5.000      -98.750       14.914
       5.500        0.000       11.956
       5.500       -1.250       11.905
       5.500       -3.750       11.954
       5.500       -6.250       12.110
       5.500       -8.750       12.338
       5.500      -11.250       12.610
       5.500      -13.750       12.902
       5.500      -16.250       13.198
       5.500      -18.750       13.484
       5.500      -21.250       13.752
       5.500      -23.750       13.995
       5.500      -26.250       14.212
       5.500      -28.750       14.400
       5.500      -31.250       14.559
       5.500      -33.750       14.691
       5.500      -36.250       14.797
       5.500      -38.750       14.882
       5.500      -41.250       14.946
       5.500      -43.750       14.993
       5.500      -46.250       15.025
       5.500      -48.750       15.045
       5.500      -51.250       15.056
       5.500      -53.750       15.060
       5.500      -56.250       15.057
       5.500      -58.750       15.051
       5.500      -61.250       15.041
       5.500      -63.750       15.030
       5.500      -66.250       15.018
       5.500      -68.750       15.006
       5.500      -71.250       14.994
       5.500      -73.750       14.982
       5.500      -76.250       14.971
       5.500      -78.750       14.961
       5.500      -81.250       14.952
       5.500      -83.750       14.945
       5.500      -86.250       14.938
       5.500      -88.750       14.932
       5.500      -91.250       14.927
       5.500      -93.750       14.922
       5.500      -96.250       14.918
       5.500      -98.750       14.915
       6.000        0.000       12.500
       6.000       -1.250       12.379
       6.000       -3.750       12.307
       6.000       -6.250       12.361
       6.000       -8.750       12.505
       6.000      -11.250       12.708
       6.000      -13.750       12.947
       6.000      -16.250       13.202
       6.000      -18.750       13.458
       6.000      -21.250       13.705
       6.000      -23.750       13.936
       6.000      -26.250       14.145
       6.000      -28.750       14.330
       6.000      -31.250       14.490
       6.000      -33.750       14.625
       6.000      -36.250       14.737
       6.000      -38.750       14.827
       6.000      -41.250       14.898
       6.000      -43.750       14.951
       6.000      -46.250       14.990
       6.000      -48.750       15.017
       6.000      -51.250       15.033
       6.000      -53.750       15.042
       6.000      -56.250       15.044
       6.000      -58.750       15.041
       6.000      -61.250       15.035
       6.000      -63.750       15.026
       6.000      -66.250       15.016
       6.000      -68.750       15.005
       6.000      -71.250       14.994
       6.000      -73.750       14.983
       6.000      -76.250       14.973
       6.000      -78.750       14.964
       6.000      -81.250       14.955
       6.000      -83.750       14.947
       6.000      -86.250       14.940
       6.000      -88.750       14.934
       6.000      -91.250       14.928
       6.000      -93.750       14.924
       6.000      -96.250       14.920
       6.000      -98.750       14.916
       6.500        0.000       13.087
       6.500       -1.250       12.898
       6.500       -3.750       12.707
       6.500       -6.250       12.658
       6.500       -8.750       12.715
       6.500      -11.250       12.846
       6.500      -13.750       13.027
       6.500      -16.250       13.237
       6.500      -18.750       13.458
       6.500      -21.250       13.680
       6.500      -23.750       13.893
       6.500      -26.250       14.091
       6.500      -28.750       14.271
       6.500      -31.250       14.429
       6.500      -33.750       14.565
       6.500      -36.250       14.680
       6.500      -38.750       14.775
       6.500      -41.250       14.851
       6.500      -43.750       14.910
       6.500      -46.250       14.955
       6.500      -48.750       14.988
       6.500      -51.250       15.009
       6.500      -53.750       15.022
       6.500      -56.250       15.029
       6.500      -58.750       15.030
       6.500      -61.250       15.027
       6.500      -63.750       15.021
       6.500      -66.250       15.013
       6.500      -68.750       15.004
       6.500      -71.250       14.994
       6.500      -73.750       14.984
       6.500      -76.250       14.974
       6.500      -78.750       14.965
       6.500      -81.250       14.957
       6.500      -83.750       14.949
       6.500      -86.250       14.942
       6.500      -88.750       14.936
       6.500      -91.250       14.930
       6.500      -93.750       14.926
       6.500      -96.250       14.921
       6.500      -98.750       14.918
       7.000        0.000       13.706
       7.000       -1.250       13.453
       7.000       -3.750       13.145
       7.000       -6.250       12.994
       7.000       -8.750       12.963
       7.000      -11.250       13.021
       7.000      -13.750       13.141
       7.000      -16.250       13.301
       7.000      -18.750       13.485
       7.000      -21.250       13.678
       7.000      -23.750       13.870
       7.000      -26.250       14.054
       7.000      -28.750       14.224
       7.000      -31.250       14.377
       7.000      -33.750       14.512
       7.000      -36.250       14.628
       7.000      -38.750       14.726
       7.000      -41.250       14.806
       7.000      -43.750       14.870
       7.000      -46.250       14.920
       7.000      -48.750       14.958
       7.000      -51.250       14.984
       7.000      -53.750       15.002
       7.000      -56.250       15.012
       7.000      -58.750       15.017
       7.000      -61.250       15.017
       7.000      -63.750       15.014
       7.000      -66.250       15.008
       7.000      -68.750       15.001
       7.000      -71.250       14.993
       7.000      -73.750       14.984
       7.000      -76.250       14.975
       7.000      -78.750       14.967
       7.000      -81.250       14.958
       7.000      -83.750       14.951
       7.000      -86.250       14.944
       7.000      -88.750       14.938
       7.000      -91.250       14.932
       7.000      -93.750       14.927
       7.000      -96.250       14.923
       7.000      -98.750       14.919
       7.500        0.000       14.347
       7.500       -1.250       14.034
       7.500       -3.750       13.616
       7.500       -6.250       13.365
       7.500       -8.750       13.246
       7.500      -11.250       13.229
       7.500      -13.750       13.286
       7.500      -16.250       13.395
       7.500      -18.750       13.537
       7.500      -21.250       13.698
       7.500      -23.750       13.865
       7.500      -26.250       14.031
       7.500      -28.750       14.190
       7.500      -31.250       14.336
       7.500      -33.750       14.467
       7.500      -36.250       14.582
       7.500      -38.750       14.681
       7.500      -41.250       14.764
       7.500      -43.750       14.832
       7.500      -46.250       14.886
       7.500      -48.750       14.928
       7.500      -51.250       14.959
       7.500      -53.750       14.981
       7.500      -56.250       14.995
       7.500      -58.750       15.003
       7.500      -61.250       15.006
       7.500      -63.750       15.006
       7.500      -66.250       15.003
       7.500      -68.750       14.997
       7.500      -71.250       14.990
       7.500      -73.750       14.983
       7.500      -76.250       14.975
       7.500      -78.750       14.967
       7.500      -81.250       14.960
       7.500      -83.750       14.952
       7.500      -86.250       14.946
       7.500      -88.750       14.939
       7.500      -91.250       14.934
       7.500      -93.750       14.929
       7.500      -96.250       14.924
       7.500      -98.750       14.920
       8.000        0.000       15.000
       8.000       -1.250       14.632
       8.000       -3.750       14.110
       8.000       -6.250       13.764
       8.000       -8.750       13.560
       8.000      -11.250       13.467
       8.000      -13.750       13.460
       8.000      -16.250       13.515
       8.000      -18.750       13.614
       8.000      -21.250       13.739
       8.000      -23.750       13.880
       8.000      -26.250       14.025
       8.000      -28.750       14.169
       8.000      -31.250       14.305
       8.000      -33.750       14.431
       8.000      -36.250       14.543
       8.000      -38.750       14.641
       8.000      -41.250       14.725
       8.000      -43.750       14.795
       8.000      -46.250       14.853
       8.000      -48.750       14.898
       8.000      -51.250       14.933
       8.000      -53.750       14.959
       8.000      -56.250       14.977
       8.000      -58.750       14.988
       8.000      -61.250       14.995
       8.000      -63.750       14.997
       8.000      -66.250       14.996
       8.000      -68.750       14.992
       8.000      -71.250       14.987
       8.000      -73.750       14.981
       8.000      -76.250       14.974
       8.000      -78.750       14.967
       8.000      -81.250       14.960
       8.000      -83.750       14.953
       8.000      -86.250       14.947
       8.000      -88.750       14.941
       8.000      -91.250       14.935
       8.000      -93.750       14.930
       8.000      -96.250       14.926
       8.000      -98.750       14.921
       8.500        0.000       15.653
       8.500       -1.250       15.236
       8.500       -3.750       14.619
       8.500       -6.250       14.183
       8.500       -8.750       13.897
       8.500      -11.250       13.732
       8.500      -13.750       13.661
       8.500      -16.250       13.661
       8.500      -18.750       13.714
       8.500      -21.250       13.802
       8.500      -23.750       13.913
       8.500      -26.250       14.036
       8.500      -28.750       14.162
       8.500      -31.250       14.286
       8.500      -33.750       14.403
       8.500      -36.250       14.511
       8.500      -38.750       14.607
       8.500      -41.250       14.691
       8.500      -43.750       14.762
       8.500      -46.250       14.821
       8.500      -48.750       14.870
       8.500      -51.250       14.908
       8.500      -53.750       14.937
       8.500      -56.250       14.958
       8.500      -58.750       14.973
       8.500      -61.250       14.982
       8.500      -63.750       14.987
       8.500      -66.250       14.988
       8.500      -68.750       14.987
       8.500      -71.250       14.983
       8.500      -73.750       14.979
       8.500      -76.250       14.973
       8.500      -78.750       14.967
       8.500      -81.250       14.960
       8.500      -83.750       14.954
       8.500      -86.250       14.948
       8.500      -88.750       14.942
       8.500      -91.250       14.936
       8.500      -93.750       14.931
       8.500      -96.250       14.927
       8.500      -98.750       14.923
       9.000        0.000       16.294
       9.000       -1.250       15.836
       9.000       -3.750       15.134
       9.000       -6.250       14.617
       9.000       -8.750       14.254
       9.000      -11.250       14.018
       9.000      -13.750       13.884
       9.000      -16.250       13.830
       9.000      -18.750       13.836
       9.000      -21.250       13.885
       9.000      -23.750       13.965
       9.000      -26.250       14.062
       9.000      -28.750       14.169
       9.000      -31.250       14.279
       9.000      -33.750       14.386
       9.000      -36.250       14.487
       9.000      -38.750       14.579
       9.000      -41.250       14.661
       9.000      -43.750       14.732
       9.000      -46.250       14.793
       9.000      -48.750       14.843
       9.000      -51.250       14.883
       9.000      -53.750       14.915
       9.000      -56.250       14.940
       9.000      -58.750       14.957
       9.000      -61.250       14.969
       9.000      -63.750       14.977
       9.000      -66.250       14.980
       9.000      -68.750       14.981
       9.000      -71.250       14.979
       9.000      -73.750       14.975
       9.000      -76.250       14.971
       9.000      -78.750       14.966
       9.000      -81.250       14.960
       9.000      -83.750       14.954
       9.000      -86.250       14.948
       9.000      -88.750       14.943
       9.000      -91.250       14.937
       9.000      -93.750       14.932
       9.000      -96.250       14.928
       9.000      -98.750       14.924
       9.500        0.000       16.913
       9.500       -1.250       16.422
       9.500       -3.750       15.648
       9.500       -6.250       15.057
       9.500       -8.750       14.623
       9.500      -11.250       14.320
       9.500      -13.750       14.126
       9.500      -16.250       14.018
       9.500      -18.750       13.978
       9.500      -21.250       13.987
       9.500      -23.750       14.034
       9.500      -26.250       14.104
       9.500      -28.750       14.190
       9.500      -31.250       14.283
       9.500      -33.750       14.378
       9.500      -36.250       14.471
       9.500      -38.750       14.557
       9.500      -41.250       14.636
       9.500      -43.750       14.706
       9.500      -46.250       14.766
       9.500      -48.750       14.818
       9.500      -51.250       14.860
       9.500      -53.750       14.894
       9.500      -56.250       14.921
       9.500      -58.750       14.941
       9.500      -61.250       14.956
       9.500      -63.750       14.965
       9.500      -66.250       14.971
       9.500      -68.750       14.974
       9.500      -71.250       14.973
       9.500      -73.750       14.972
       9.500      -76.250       14.968
       9.500      -78.750       14.964
       9.500      -81.250       14.959
       9.500      -83.750       14.954
       9.500      -86.250       14.948
       9.500      -88.750       14.943
       9.500      -91.250       14.938
       9.500      -93.750       14.933
       9.500      -96.250       14.929
       9.500      -98.750       14.925
      10.000        0.000       17.500
      10.000       -1.250       16.983
      10.000       -3.750       16.150
      10.000       -6.250       15.496
      10.000       -8.750       14.998
      10.000      -11.250       14.634
      10.000      -13.750       14.383
      10.000      -16.250       14.223
      10.000      -18.750       14.136
      10.000      -21.250       14.106
      10.000      -23.750       14.119
      10.000      -26.250       14.161
      10.000      -28.750       14.224
      10.000      -31.250       14.300
      10.000      -33.750       14.381
      10.000      -36.250       14.463
      10.000      -38.750       14.542
      10.000      -41.250       14.617
      10.000      -43.750       14.684
      10.000      -46.250       14.744
      10.000      -48.750       14.795
      10.000      -51.250       14.839
      10.000      -53.750       14.875
      10.000      -56.250       14.903
      10.000      -58.750       14.926
      10.000      -61.250       14.942
      10.000      -63.750       14.954
      10.000      -66.250       14.962
      10.000      -68.750       14.966
      10.000      -71.250       14.968
      10.000      -73.750       14.967
      10.000      -76.250       14.965
      10.000      -78.750       14.962
      10.000      -81.250       14.958
      10.000      -83.750       14.953
      10.000      -86.250       14.948
      10.000      -88.750       14.943
      10.000      -91.250       14.939
      10.000      -93.750       14.934
      10.000      -96.250       14.930
      10.000      -98.750       14.925
      10.500        0.000       18.044
      10.500       -1.250       17.511
      10.500       -3.750       16.632
      10.500       -6.250       15.926
      10.500       -8.750       15.373
      10.500      -11.250       14.955
      10.500      -13.750       14.650
      10.500      -16.250       14.441
      10.500      -18.750       14.310
      10.500      -21.250       14.240
      10.500      -23.750       14.218
      10.500      -26.250       14.232
      10.500      -28.750       14.272
      10.500      -31.250       14.328
      10.500      -33.750       14.394
      10.500      -36.250       14.464
      10.500      -38.750       14.535
      10.500      -41.250       14.604
      10.500      -43.750       14.667
      10.500      -46.250       14.725
      10.500      -48.750       14.776
      10.500      -51.250       14.819
      10.500      -53.750       14.856
      10.500      -56.250       14.886
      10.500      -58.750       14.910
      10.500      -61.250       14.929
      10.500      -63.750       14.942
      10.500      -66.250       14.952
      10.500      -68.750       14.958
      10.500      -71.250       14.961
      10.500      -73.750       14.962
      10.500      -76.250       14.961
      10.500      -78.750       14.959
      10.500      -81.250       14.956
      10.500      -83.750       14.952
      10.500      -86.250       14.948
      10.500      -88.750       14.943
      10.500      -91.250       14.939
      10.500      -93.750       14.934
      10.500      -96.250       14.930
      10.500      -98.750       14.926
      11.000        0.000       18.536
      11.000       -1.250       17.995
      11.000       -3.750       17.087
      11.000       -6.250       16.340
      11.000       -8.750       15.742
      11.000      -11.250       15.275
      11.000      -13.750       14.923
      11.000      -16.250       14.668
      11.000      -18.750       14.495
      11.000      -21.250       14.387
      11.000      -23.750       14.331
      11.000      -26.250       14.316
      11.000      -28.750       14.331
      11.000      -31.250       14.367
      11.000      -33.750       14.416
      11.000      -36.250       14.474
      11.000      -38.750       14.535
      11.000      -41.250       14.596
      11.000      -43.750       14.655
      11.000      -46.250       14.710
      11.000      -48.750       14.759
      11.000      -51.250       14.802
      11.000      -53.750       14.839
      11.000      -56.250       14.870
      11.000      -58.750       14.895
      11.000      -61.250       14.915
      11.000      -63.750       14.931
      11.000      -66.250       14.942
      11.000      -68.750       14.950
      11.000      -71.250       14.954
      11.000      -73.750       14.957
      11.000      -76.250       14.957
      11.000      -78.750       14.956
      11.000      -81.250       14.953
      11.000      -83.750       14.950
      11.000      -86.250       14.947
      11.000      -88.750       14.943
      11.000      -91.250       14.939
      11.000      -93.750       14.935
      11.000      -96.250       14.931
      11.000      -98.750       14.927
      11.500        0.000       18.967
      11.500       -1.250       18.428
      11.500       -3.750       17.505
      11.500       -6.250       16.732
      11.500       -8.750       16.098
      11.500      -11.250       15.591
      11.500      -13.750       15.197
      11.500      -16.250       14.901
      11.500      -18.750       14.688
      11.500      -21.250       14.544
      11.500      -23.750       14.455
      11.500      -26.250       14.411
      11.500      -28.750       14.401
      11.500      -31.250       14.416
      11.500      -33.750       14.448
      11.500      -36.250       14.492
      11.500      -38.750       14.543
      11.500      -41.250       14.596
      11.500      -43.750       14.649
      11.500      -46.250       14.699
      11.500      -48.750       14.746
      11.500      -51.250       14.787
      11.500      -53.750       14.824
      11.500      -56.250       14.855
      11.500      -58.750       14.882
      11.500      -61.250       14.903
      11.500      -63.750       14.919
      11.500      -66.250       14.932
      11.500      -68.750       14.941
      11.500      -71.250       14.947
      11.500      -73.750       14.951
      11.500      -76.250       14.952
      11.500      -78.750       14.952
      11.500      -81.250       14.951
      11.500      -83.750       14.949
      11.500      -86.250       14.946
      11.500      -88.750       14.942
      11.500      -91.250       14.938
      11.500      -93.750       14.935
      11.500      -96.250       14.931
      11.500      -98.750       14.927
      12.000        0.000       19.330
      12.000       -1.250       18.803
      12.000       -3.750       17.881
      12.000       -6.250       17.093
      12.000       -8.750       16.435
      12.000      -11.250       15.897
      12.000      -13.750       15.468
      12.000      -16.250       15.135
      12.000      -18.750       14.886
      12.000      -21.250       14.708
      12.000      -23.750       14.588
      12.000      -26.250       14.516
      12.000      -28.750       14.481
      12.000      -31.250       14.475
      12.000      -33.750       14.489
      12.000      -36.250       14.519
      12.000      -38.750       14.557
      12.000      -41.250       14.601
      12.000      -43.750       14.647
      12.000      -46.250       14.693
      12.000      -48.750       14.736
      12.000      -51.250       14.776
      12.000      -53.750       14.811
      12.000      -56.250       14.842
      12.000      -58.750       14.869
      12.000      -61.250       14.891
      12.000      -63.750       14.909
      12.000      -66.250       14.922
      12.000      -68.750       14.933
      12.000      -71.250       14.940
      12.000      -73.750       14.945
      12.000      -76.250       14.947
      12.000      -78.750       14.948
      12.000      -81.250       14.948
      12.000      -83.750       14.946
      12.000      -86.250       14.944
      12.000      -88.750       14.941
      12.000      -91.250       14.938
      12.000      -93.750       14.934
      12.000      -96.250       14.931
      12.000      -98.750       14.927
      12.500        0.000       19.619
      12.500       -1.250       19.112
      12.500       -3.750       18.207
      12.500       -6.250       17.419
      12.500       -8.750       16.747
      12.500      -11.250       16.187
      12.500      -13.750       15.730
      12.500      -16.250       15.367
      12.500      -18.750       15.086
      12.500      -21.250       14.877
      12.500      -23.750       14.728
      12.500      -26.250       14.628
      12.500      -28.750       14.569
      12.500      -31.250       14.542
      12.500      -33.750       14.539
      12.500      -36.250       14.553
      12.500      -38.750       14.579
      12.500      -41.250       14.613
      12.500      -43.750       14.651
      12.500      -46.250       14.691
      12.500      -48.750       14.730
      12.500      -51.250       14.767
      12.500      -53.750       14.801
      12.500      -56.250       14.831
      12.500      -58.750       14.858
      12.500      -61.250       14.880
      12.500      -63.750       14.898
      12.500      -66.250       14.913
      12.500      -68.750       14.924
      12.500      -71.250       14.933
      12.500      -73.750       14.939
      12.500      -76.250       14.942
      12.500      -78.750       14.944
      12.500      -81.250       14.945
      12.500      -83.750       14.944
      12.500      -86.250       14.942
      12.500      -88.750       14.940
      12.500      -91.250       14.937
      12.500      -93.750       14.934
      12.500      -96.250       14.931
      12.500      -98.750       14.927
      13.000        0.000       19.830
      13.000       -1.250       19.351
      13.000       -3.750       18.479
      13.000       -6.250       17.703
      13.000       -8.750       17.030
      13.000      -11.250       16.456
      13.000      -13.750       15.980
      13.000      -16.250       15.592
      13.000      -18.750       15.284
      13.000      -21.250       15.047
      13.000      -23.750       14.872
      13.000      -26.250       14.747
      13.000      -28.750       14.665
      13.000      -31.250       14.617
      13.000      -33.750       14.595
      13.000      -36.250       14.594
      13.000      -38.750       14.607
      13.000      -41.250       14.631
      13.000      -43.750       14.661
      13.000      -46.250       14.694
      13.000      -48.750       14.728
      13.000      -51.250       14.762
      13.000      -53.750       14.793
      13.000      -56.250       14.822
      13.000      -58.750       14.848
      13.000      -61.250       14.870
      13.000      -63.750       14.889
      13.000      -66.250       14.904
      13.000      -68.750       14.916
      13.000      -71.250       14.926
      13.000      -73.750       14.933
      13.000      -76.250       14.937
      13.000      -78.750       14.940
      13.000      -81.250       14.941
      13.000      -83.750       14.941
      13.000      -86.250       14.940
      13.000      -88.750       14.938
      13.000      -91.250       14.936
      13.000      -93.750       14.933
      13.000      -96.250       14.930
      13.000      -98.750       14.927
      13.500        0.000       19.957
      13.500       -1.250       19.515
      13.500       -3.750       18.691
      13.500       -6.250       17.941
      13.500       -8.750       17.277
      13.500      -11.250       16.701
      13.500      -13.750       16.212
      13.500      -16.250       15.806
      13.500      -18.750       15.477
      13.500      -21.250       15.217
      13.500      -23.750       15.017
      13.500      -26.250       14.870
      13.500      -28.750       14.766
      13.500      -31.250       14.698
      13.500      -33.750       14.658
      13.500      -36.250       14.642
      13.500      -38.750       14.642
      13.500      -41.250       14.654
      13.500      -43.750       14.675
      13.500      -46.250       14.701
      13.500      -48.750       14.730
      13.500      -51.250       14.760
      13.500      -53.750       14.788
      13.500      -56.250       14.815
      13.500      -58.750       14.840
      13.500      -61.250       14.862
      13.500      -63.750       14.880
      13.500      -66.250       14.896
      13.500      -68.750       14.909
      13.500      -71.250       14.919
      13.500      -73.750       14.926
      13.500      -76.250       14.932
      13.500      -78.750       14.935
      13.500      -81.250       14.937
      13.500      -83.750       14.938
      13.500      -86.250       14.938
      13.500      -88.750       14.936
      13.500      -91.250       14.935
      13.500      -93.750       14.932
      13.500      -96.250       14.930
      13.500      -98.750       14.927
      14.000        0.000       20.000
      14.000       -1.250       19.603
      14.000       -3.750       18.839
      14.000       -6.250       18.129
      14.000       -8.750       17.485
      14.000      -11.250       16.916
      14.000      -13.750       16.424
      14.000      -16.250       16.007
      14.000      -18.750       15.662
      14.000      -21.250       15.383
      14.000      -23.750       15.162
      14.000      -26.250       14.994
      14.000      -28.750       14.870
      14.000      -31.250       14.783
      14.000      -33.750       14.727
      14.000      -36.250       14.695
      14.000      -38.750       14.682
      14.000      -41.250       14.683
      14.000      -43.750       14.695
      14.000      -46.250       14.713
      14.000      -48.750       14.736
      14.000      -51.250       14.761
      14.000      -53.750       14.786
      14.000      -56.250       14.811
      14.000      -58.750       14.834
      14.000      -61.250       14.855
      14.000      -63.750       14.873
      14.000      -66.250       14.889
      14.000      -68.750       14.902
      14.000      -71.250       14.912
      14.000      -73.750       14.921
      14.000      -76.250       14.927
      14.000      -78.750       14.931
      14.000      -81.250       14.934
      14.000      -83.750       14.935
      14.000      -86.250       14.935
      14.000      -88.750       14.934
      14.000      -91.250       14.933
      14.000      -93.750       14.931
      14.000      -96.250       14.929
      14.000      -98.750       14.926
      14.500        0.000       19.957
      14.500       -1.250       19.611
      14.500       -3.750       18.922
      14.500       -6.250       18.263
      14.500       -8.750       17.651
      14.500      -11.250       17.099
      14.500      -13.750       16.611
      14.500      -16.250       16.190
      14.500      -18.750       15.835
      14.500      -21.250       15.541
      14.500      -23.750       15.304
      14.500      -26.250       15.118
      14.500      -28.750       14.976
      14.500      -31.250       14.872
      14.500      -33.750       14.799
      14.500      -36.250       14.753
      14.500      -38.750       14.727
      14.500      -41.250       14.717
      14.500      -43.750       14.719
      14.500      -46.250       14.729
      14.500      -48.750       14.746
      14.500      -51.250       14.766
      14.500      -53.750       14.787
      14.500      -56.250       14.809
      14.500      -58.750       14.830
      14.500      -61.250       14.849
      14.500      -63.750       14.867
      14.500      -66.250       14.882
      14.500      -68.750       14.895
      14.500      -71.250       14.906
      14.500      -73.750       14.915
      14.500      -76.250       14.922
      14.500      -78.750       14.927
      14.500      -81.250       14.930
      14.500      -83.750       14.932
      14.500      -86.250       14.933
      14.500      -88.750       14.932
      14.500      -91.250       14.931
      14.500      -93.750       14.930
      14.500      -96.250       14.928
      14.500      -98.750       14.926
      15.000        0.000       19.830
      15.000       -1.250       19.541
      15.000       -3.750       18.938
      15.000       -6.250       18.341
      15.000       -8.750       17.771
      15.000      -11.250       17.245
      15.000      -13.750       16.770
      15.000      -16.250       16.353
      15.000      -18.750       15.993
      15.000      -21.250       15.690
      15.000      -23.750       15.441
      15.000      -26.250       15.240
      15.000      -28.750       15.082
      15.000      -31.250       14.962
      15.000      -33.750       14.875
      15.000      -36.250       14.814
      15.000      -38.750       14.776
      15.000      -41.250       14.755
      15.000      -43.750       14.747
      15.000      -46.250       14.749
      15.000      -48.750       14.759
      15.000      -51.250       14.773
      15.000      -53.750       14.791
      15.000      -56.250       14.809
      15.000      -58.750       14.828
      15.000      -61.250       14.846
      15.000      -63.750       14.862
      15.000      -66.250       14.877
      15.000      -68.750       14.890
      15.000      -71.250       14.901
      15.000      -73.750       14.910
      15.000      -76.250       14.917
      15.000      -78.750       14.922
      15.000      -81.250       14.926
      15.000      -83.750       14.928
      15.000      -86.250       14.930
      15.000      -88.750       14.930
      15.000      -91.250       14.930
      15.000      -93.750       14.929
      15.000      -96.250       14.927
      15.000      -98.750       14.925
      15.500        0.000       19.619
      15.500       -1.250       19.393
      15.500       -3.750       18.886
      15.500       -6.250       18.361
      15.500       -8.750       17.844
      15.500      -11.250       17.352
      15.500      -13.750       16.899
      15.500      -16.250       16.492
      15.500      -18.750       16.135
      15.500      -21.250       15.827
      15.500      -23.750       15.569
      15.500      -26.250       15.357
      15.500      -28.750       15.186
      15.500      -31.250       15.053
      15.500      -33.750       14.952
      15.500      -36.250       14.878
      15.500      -38.750       14.828
      15.500      -41.250       14.796
      15.500      -43.750       14.779
      15.500      -46.250       14.773
      15.500      -48.750       14.776
      15.500      -51.250       14.784
      15.500      -53.750       14.797
      15.500      -56.250       14.812
      15.500      -58.750       14.828
      15.500      -61.250       14.844
      15.500      -63.750       14.859
      15.500      -66.250       14.873
      15.500      -68.750       14.885
      15.500      -71.250       14.896
      15.500      -73.750       14.905
      15.500      -76.250       14.912
      15.500      -78.750       14.918
      15.500      -81.250       14.922
      15.500      -83.750       14.925
      15.500      -86.250       14.927
      15.500      -88.750       14.928
      15.500      -91.250       14.928
      15.500      -93.750       14.927
      15.500      -96.250       14.926
      15.500      -98.750       14.924
      16.000        0.000       19.330
      16.000       -1.250       19.169
      16.000       -3.750       18.768
      16.000       -6.250       18.324
      16.000       -8.750       17.868
      16.000      -11.250       17.420
      16.000      -13.750       16.995
      16.000      -16.250       16.605
      16.000      -18.750       16.256
      16.000      -21.250       15.950
      16.000      -23.750       15.688
      16.000      -26.250       15.468
      16.000      -28.750       15.287
      16.000      -31.250       15.142
      16.000      -33.750       15.029
      16.000      -36.250       14.944
      16.000      -38.750       14.883
      16.000      -41.250       14.840
      16.000      -43.750       14.814
      16.000      -46.250       14.800
      16.000      -48.750       14.796
      16.000      -51.250       14.798
      16.000      -53.750       14.806
      16.000      -56.250       14.817
      16.000      -58.750       14.830
      16.000      -61.250       14.843
      16.000      -63.750       14.857
      16.000      -66.250       14.870
      16.000      -68.750       14.881
      16.000      -71.250       14.892
      16.000      -73.750       14.901
      16.000      -76.250       14.908
      16.000      -78.750       14.914
      16.000      -81.250       14.919
      16.000      -83.750       14.922
      16.000      -86.250       14.924
      16.000      -88.750       14.925
      16.000      -91.250       14.926
      16.000      -93.750       14.925
      16.000      -96.250       14.925
      16.000      -98.750       14.923
      16.500        0.000       18.967
      16.500       -1.250       18.875
      16.500       -3.750       18.585
      16.500       -6.250       18.231
      16.500       -8.750       17.842
      16.500      -11.250       17.445
      16.500      -13.750       17.057
      16.500      -16.250       16.691
      16.500      -18.750       16.356
      16.500      -21.250       16.056
      16.500      -23.750       15.794
      16.500      -26.250       15.570
      16.500      -28.750       15.382
      16.500      -31.250       15.229
      16.500      -33.750       15.106
      16.500      -36.250       15.010
      16.500      -38.750       14.939
      16.500      -41.250       14.887
      16.500      -43.750       14.851
      16.500      -46.250       14.830
      16.500      -48.750       14.818
      16.500      -51.250       14.815
      16.500      -53.750       14.818
      16.500      -56.250       14.825
      16.500      -58.750       14.834
      16.500      -61.250       14.845
      16.500      -63.750       14.857
      16.500      -66.250       14.868
      16.500      -68.750       14.879
      16.500      -71.250       14.889
      16.500      -73.750       14.897
      16.500      -76.250       14.905
      16.500      -78.750       14.911
      16.500      -81.250       14.915
      16.500      -83.750       14.919
      16.500      -86.250       14.922
      16.500      -88.750       14.923
      16.500      -91.250       14.924
      16.500      -93.750       14.924
      16.500      -96.250       14.923
      16.500      -98.750       14.922
      17.000        0.000       18.536
      17.000       -1.250       18.514
      17.000       -3.750       18.341
      17.000       -6.250       18.081
      17.000       -8.750       17.768
      17.000      -11.250       17.429
      17.000      -13.750       17.084
      17.000      -16.250       16.748
      17.000      -18.750       16.432
      17.000      -21.250       16.143
      17.000      -23.750       15.886
      17.000      -26.250       15.662
      17.000      -28.750       15.471
      17.000      -31.250       15.311
      17.000      -33.750       15.180
      17.000      -36.250       15.076
      17.000      -38.750       14.995
      17.000      -41.250       14.934
      17.000      -43.750       14.891
      17.000      -46.250       14.861
      17.000      -48.750       14.843
      17.000      -51.250       14.834
      17.000      -53.750       14.832
      17.000      -56.250       14.834
      17.000      -58.750       14.840
      17.000      -61.250       14.848
      17.000      -63.750       14.858
      17.000      -66.250       14.867
      17.000      -68.750       14.877
      17.000      -71.250       14.886
      17.000      -73.750       14.894
      17.000      -76.250       14.901
      17.000      -78.750       14.907
      17.000      -81.250       14.912
      17.000      -83.750       14.916
      17.000      -86.250       14.919
      17.000      -88.750       14.921
      17.000      -91.250       14.922
      17.000      -93.750       14.922
      17.000      -96.250       14.922
      17.000      -98.750       14.921
      17.500        0.000       18.044
      17.500       -1.250       18.093
      17.500       -3.750       18.040
      17.500       -6.250       17.879
      17.500       -8.750       17.647
      17.500      -11.250       17.371
      17.500      -13.750       17.074
      17.500      -16.250       16.774
      17.500      -18.750       16.483
      17.500      -21.250       16.211
      17.500      -23.750       15.963
      17.500      -26.250       15.742
      17.500      -28.750       15.550
      17.500      -31.250       15.387
      17.500      -33.750       15.251
      17.500      -36.250       15.140
      17.500      -38.750       15.051
      17.500      -41.250       14.983
      17.500      -43.750       14.932
      17.500      -46.250       14.895
      17.500      -48.750       14.870
      17.500      -51.250       14.855
      17.500      -53.750       14.848
      17.500      -56.250       14.846
      17.500      -58.750       14.848
      17.500      -61.250       14.853
      17.500      -63.750       14.860
      17.500      -66.250       14.868
      17.500      -68.750       14.877
      17.500      -71.250       14.885
      17.500      -73.750       14.892
      17.500      -76.250       14.899
      17.500      -78.750       14.905
      17.500      -81.250       14.910
      17.500      -83.750       14.914
      17.500      -86.250       14.916
      17.500      -88.750       14.919
      17.500      -91.250       14.920
      17.500      -93.750       14.920
      17.500      -96.250       14.920
      17.500      -98.750       14.920
      18.000        0.000       17.500
      18.000       -1.250       17.618
      18.000       -3.750       17.686
      18.000       -6.250       17.628
      18.000       -8.750       17.480
      18.000      -11.250       17.272
      18.000      -13.750       17.029
      18.000      -16.250       16.770
      18.000      -18.750       16.509
      18.000      -21.250       16.258
      18.000      -23.750       16.023
      18.000      -26.250       15.810
      18.000      -28.750       15.620
      18.000      -31.250       15.456
      18.000      -33.750       15.316
      18.000      -36.250       15.200
      18.000      -38.750       15.106
      18.000      -41.250       15.031
      18.000      -43.750       14.973
      18.000      -46.250       14.930
      18.000      -48.750       14.899
      18.000      -51.250       14.878
      18.000      -53.750       14.865
      18.000      -56.250       14.859
      18.000      -58.750       14.858
      18.000      -61.250       14.860
      18.000      -63.750       14.864
      18.000      -66.250       14.870
      18.000      -68.750       14.877
      18.000      -71.250       14.884
      18.000      -73.750       14.891
      18.000      -76.250       14.897
      18.000      -78.750       14.903
      18.000      -81.250       14.907
      18.000      -83.750       14.911
      18.000      -86.250       14.914
      18.000      -88.750       14.916
      18.000      -91.250       14.918
      18.000      -93.750       14.919
      18.000      -96.250       14.919
      18.000      -98.750       14.919
      18.500        0.000       16.913
      18.500       -1.250       17.100
      18.500       -3.750       17.287
      18.500       -6.250       17.331
      18.500       -8.750       17.270
      18.500      -11.250       17.134
      18.500      -13.750       16.949
      18.500      -16.250       16.735
      18.500      -18.750       16.509
      18.500      -21.250       16.283
      18.500      -23.750       16.065
      18.500      -26.250       15.863
      18.500      -28.750       15.679
      18.500      -31.250       15.517
      18.500      -33.750       15.376
      18.500      -36.250       15.257
      18.500      -38.750       15.158
      18.500      -41.250       15.078
      18.500      -43.750       15.014
      18.500      -46.250       14.965
      18.500      -48.750       14.928
      18.500      -51.250       14.902
      18.500      -53.750       14.885
      18.500      -56.250       14.874
      18.500      -58.750       14.869
      18.500      -61.250       14.868
      18.500      -63.750       14.870
      18.500      -66.250       14.874
      18.500      -68.750       14.879
      18.500      -71.250       14.884
      18.500      -73.750       14.890
      18.500      -76.250       14.896
      18.500      -78.750       14.901
      18.500      -81.250       14.905
      18.500      -83.750       14.909
      18.500      -86.250       14.912
      18.500      -88.750       14.914
      18.500      -91.250       14.916
      18.500      -93.750       14.917
      18.500      -96.250       14.917
      18.500      -98.750       14.917
      19.000        0.000       16.294
      19.000       -1.250       16.545
      19.000       -3.750       16.848
      19.000       -6.250       16.995
      19.000       -8.750       17.022
      19.000      -11.250       16.960
      19.000      -13.750       16.835
      19.000      -16.250       16.670
      19.000      -18.750       16.483
      19.000      -21.250       16.285
      19.000      -23.750       16.089
      19.000      -26.250       15.901
      19.000      -28.750       15.726
      19.000      -31.250       15.569
      19.000      -33.750       15.429
      19.000      -36.250       15.309
      19.000      -38.750       15.207
      19.000      -41.250       15.122
      19.000      -43.750       15.054
      19.000      -46.250       15.000
      19.000      -48.750       14.958
      19.000      -51.250       14.927
      19.000      -53.750       14.905
      19.000      -56.250       14.891
      19.000      -58.750       14.882
      19.000      -61.250       14.878
      19.000      -63.750       14.877
      19.000      -66.250       14.878
      19.000      -68.750       14.882
      19.000      -71.250       14.886
      19.000      -73.750       14.890
      19.000      -76.250       14.895
      19.000      -78.750       14.900
      19.000      -81.250       14.904
      19.000      -83.750       14.907
      19.000      -86.250       14.910
      19.000      -88.750       14.913
      19.000      -91.250       14.914
      19.000      -93.750       14.916
      19.000      -96.250       14.916
      19.000      -98.750       14.916
      19.500        0.000       15.653
      19.500       -1.250       15.963
      19.500       -3.750       16.378
      19.500       -6.250       16.624
      19.500       -8.750       16.738
      19.500      -11.250       16.751
      19.500      -13.750       16.690
      19.500      -16.250       16.577
      19.500      -18.750       16.430
      19.500      -21.250       16.265
      19.500      -23.750       16.093
      19.500      -26.250       15.923
      19.500      -28.750       15.760
      19.500      -31.250       15.610
      19.500      -33.750       15.474
      19.500      -36.250       15.355
      19.500      -38.750       15.252
      19.500      -41.250       15.165
      19.500      -43.750       15.093
      19.500      -46.250       15.034
      19.500      -48.750       14.988
      19.500      -51.250       14.953
      19.500      -53.750       14.927
      19.500      -56.250       14.908
      19.500      -58.750       14.896
      19.500      -61.250       14.888
      19.500      -63.750       14.885
      19.500      -66.250       14.884
      19.500      -68.750       14.885
      19.500      -71.250       14.888
      19.500      -73.750       14.891
      19.500      -76.250       14.895
      19.500      -78.750       14.899
      19.500      -81.250       14.903
      19.500      -83.750       14.906
      19.500      -86.250       14.909
      19.500      -88.750       14.911
      19.500      -91.250       14.913
      19.500      -93.750       14.914
      19.500      -96.250       14.915
      19.500      -98.750       14.915
      20.000        0.000       15.000
      20.000       -1.250       15.366
      20.000       -3.750       15.884
      20.000       -6.250       16.226
      20.000       -8.750       16.425
      20.000      -11.250       16.513
      20.000      -13.750       16.516
      20.000      -16.250       16.456
      20.000      -18.750       16.354
      20.000      -21.250       16.224
      20.000      -23.750       16.079
      20.000      -26.250       15.929
      20.000      -28.750       15.781
      20.000      -31.250       15.640
      20.000      -33.750       15.511
      20.000      -36.250       15.394
      20.000      -38.750       15.292
      20.000      -41.250       15.203
      20.000      -43.750       15.129
      20.000      -46.250       15.067
      20.000      -48.750       15.018
      20.000      -51.250       14.979
      20.000      -53.750       14.949
      20.000      -56.250       14.926
      20.000      -58.750       14.911
      20.000      -61.250       14.900
      20.000      -63.750       14.894
      20.000      -66.250       14.891
      20.000      -68.750       14.890
      20.000      -71.250       14.891
      20.000      -73.750       14.893
      20.000      -76.250       14.896
      20.000      -78.750       14.899
      20.000      -81.250       14.902
      20.000      -83.750       14.905
      20.000      -86.250       14.908
      20.000      -88.750       14.910
      20.000      -91.250       14.912
      20.000      -93.750       14.913
      20.000      -96.250       14.913
      20.000      -98.750       14.914
      20.500        0.000       14.347
      20.500       -1.250       14.762
      20.500       -3.750       15.375
      20.500       -6.250       15.806
      20.500       -8.750       16.087
      20.500      -11.250       16.249
      20.500      -13.750       16.315
      20.500      -16.250       16.310
      20.500      -18.750       16.253
      20.500      -21.250       16.161
      20.500      -23.750       16.046
      20.500      -26.250       15.919
      20.500      -28.750       15.788
      20.500      -31.250       15.660
      20.500      -33.750       15.538
      20.500      -36.250       15.426
      20.500      -38.750       15.326
      20.500      -41.250       15.238
      20.500      -43.750       15.162
      20.500      -46.250       15.099
      20.500      -48.750       15.046
      20.500      -51.250       15.004
      20.500      -53.750       14.970
      20.500      -56.250       14.945
      20.500      -58.750       14.926
      20.500      -61.250       14.913
      20.500      -63.750       14.904
      20.500      -66.250       14.898
      20.500      -68.750       14.896
      20.500      -71.250       14.895
      20.500      -73.750       14.896
      20.500      -76.250       14.898
      20.500      -78.750       14.900
      20.500      -81.250       14.902
      20.500      -83.750       14.905
      20.500      -86.250       14.907
      20.500      -88.750       14.909
      20.500      -91.250       14.910
      20.500      -93.750       14.912
      20.500      -96.250       14.912
      20.500      -98.750       14.913
      21.000        0.000       13.706
      21.000       -1.250       14.162
      21.000       -3.750       14.859
      21.000       -6.250       15.372
      21.000       -8.750       15.731
      21.000      -11.250       15.963
      21.000      -13.750       16.092
      21.000      -16.250       16.142
      21.000      -18.750       16.131
      21.000      -21.250       16.078
      21.000      -23.750       15.994
      21.000      -26.250       15.892
      21.000      -28.750       15.781
      21.000      -31.250       15.667
      21.000      -33.750       15.556
      21.000      -36.250       15.451
      21.000      -38.750       15.354
      21.000      -41.250       15.268
      21.000      -43.750       15.192
      21.000      -46.250       15.128
      21.000      -48.750       15.073
      21.000      -51.250       15.028
      21.000      -53.750       14.992
      21.000      -56.250       14.964
      21.000      -58.750       14.942
      21.000      -61.250       14.926
      21.000      -63.750       14.914
      21.000      -66.250       14.907
      21.000      -68.750       14.902
      21.000      -71.250       14.900
      21.000      -73.750       14.899
      21.000      -76.250       14.900
      21.000      -78.750       14.901
      21.000      -81.250       14.903
      21.000      -83.750       14.905
      21.000      -86.250       14.906
      21.000      -88.750       14.908
      21.000      -91.250       14.910
      21.000      -93.750       14.911
      21.000      -96.250       14.911
      21.000      -98.750       14.912
      21.500        0.000       13.087
      21.500       -1.250       13.576
      21.500       -3.750       14.346
      21.500       -6.250       14.932
      21.500       -8.750       15.362
      21.500      -11.250       15.660
      21.500      -13.750       15.850
      21.500      -16.250       15.953
      21.500      -18.750       15.990
      21.500      -21.250       15.976
      21.500      -23.750       15.925
      21.500      -26.250       15.850
      21.500      -28.750       15.760
      21.500      -31.250       15.662
      21.500      -33.750       15.563
      21.500      -36.250       15.467
      21.500      -38.750       15.376
      21.500      -41.250       15.293
      21.500      -43.750       15.219
      21.500      -46.250       15.154
      21.500      -48.750       15.098
      21.500      -51.250       15.051
      21.500      -53.750       15.013
      21.500      -56.250       14.982
      21.500      -58.750       14.958
      21.500      -61.250       14.939
      21.500      -63.750       14.926
      21.500      -66.250       14.916
      21.500      -68.750       14.909
      21.500      -71.250       14.905
      21.500      -73.750       14.903
      21.500      -76.250       14.902
      21.500      -78.750       14.903
      21.500      -81.250       14.904
      21.500      -83.750       14.905
      21.500      -86.250       14.906
      21.500      -88.750       14.908
      21.500      -91.250       14.909
      21.500      -93.750       14.910
      21.500      -96.250       14.910
      21.500      -98.750       14.911
      22.000        0.000       12.500
      22.000       -1.250       13.015
      22.000       -3.750       13.844
      22.000       -6.250       14.493
      22.000       -8.750       14.987
      22.000      -11.250       15.346
      22.000      -13.750       15.593
      22.000      -16.250       15.749
      22.000      -18.750       15.831
      22.000      -21.250       15.857
      22.000      -23.750       15.840
      22.000      -26.250       15.793
      22.000      -28.750       15.726
      22.000      -31.250       15.646
      22.000      -33.750       15.561
      22.000      -36.250       15.474
      22.000      -38.750       15.390
      22.000      -41.250       15.312
      22.000      -43.750       15.240
      22.000      -46.250       15.176
      22.000      -48.750       15.121
      22.000      -51.250       15.073
      22.000      -53.750       15.033
      22.000      -56.250       15.000
      22.000      -58.750       14.974
      22.000      -61.250       14.953
      22.000      -63.750       14.937
      22.000      -66.250       14.925
      22.000      -68.750       14.917
      22.000      -71.250       14.911
      22.000      -73.750       14.908
      22.000      -76.250       14.906
      22.000      -78.750       14.905
      22.000      -81.250       14.905
      22.000      -83.750       14.906
      22.000      -86.250       14.907
      22.000      -88.750       14.908
      22.000      -91.250       14.908
      22.000      -93.750       14.909
      22.000      -96.250       14.910
      22.000      -98.750       14.910
      22.500        0.000       11.956
      22.500       -1.250       12.487
      22.500       -3.750       13.361
      22.500       -6.250       14.063
      22.500       -8.750       14.611
      22.500      -11.250       15.026
      22.500      -13.750       15.326
      22.500      -16.250       15.531
      22.500      -18.750       15.658
      22.500      -21.250       15.723
      22.500      -23.750       15.740
      22.500      -26.250       15.722
      22.500      -28.750       15.679
      22.500      -31.250       15.618
      22.500      -33.750       15.548
      22.500      -36.250       15.473
      22.500      -38.750       15.398
      22.500      -41.250       15.325
      22.500      -43.750       15.257
      22.500      -46.250       15.196
      22.500      -48.750       15.141
      22.500      -51.250       15.093
      22.500      -53.750       15.052
      22.500      -56.250       15.017
      22.500      -58.750       14.989
      22.500      -61.250       14.967
      22.500      -63.750       14.949
      22.500      -66.250       14.935
      22.500      -68.750       14.925
      22.500      -71.250       14.918
      22.500      -73.750       14.913
      22.500      -76.250       14.910
      22.500      -78.750       14.908
      22.500      -81.250       14.907
      22.500      -83.750       14.907
      22.500      -86.250       14.907
      22.500      -88.750       14.908
      22.500      -91.250       14.908
      22.500      -93.750       14.909
      22.500      -96.250       14.909
      22.500      -98.750       14.910
      23.000        0.000       11.464
      23.000       -1.250       12.003
      23.000       -3.750       12.907
      23.000       -6.250       13.649
      23.000       -8.750       14.243
      23.000      -11.250       14.705
      23.000      -13.750       15.053
      23.000      -16.250       15.303
      23.000      -18.750       15.473
      23.000      -21.250       15.576
      23.000      -23.750       15.627
      23.000      -26.250       15.638
      23.000      -28.750       15.619
      23.000      -31.250       15.579
      23.000      -33.750       15.525
      23.000      -36.250       15.463
      23.000      -38.750       15.398
      23.000      -41.250       15.332
      23.000      -43.750       15.269
      23.000      -46.250       15.211
      23.000      -48.750       15.157
      23.000      -51.250       15.110
      23.000      -53.750       15.069
      23.000      -56.250       15.033
      23.000      -58.750       15.004
      23.000      -61.250       14.980
      23.000      -63.750       14.960
      23.000      -66.250       14.945
      23.000      -68.750       14.933
      23.000      -71.250       14.925
      23.000      -73.750       14.918
      23.000      -76.250       14.914
      23.000      -78.750       14.911
      23.000      -81.250       14.909
      23.000      -83.750       14.908
      23.000      -86.250       14.908
      23.000      -88.750       14.908
      23.000      -91.250       14.908
      23.000      -93.750       14.909
      23.000      -96.250       14.909
      23.000      -98.750       14.909
      23.500        0.000       11.033
      23.500       -1.250       11.570
      23.500       -3.750       12.488
      23.500       -6.250       13.257
      23.500       -8.750       13.887
      23.500      -11.250       14.389
      23.500      -13.750       14.779
      23.500      -16.250       15.071
      23.500      -18.750       15.280
      23.500      -21.250       15.420
      23.500      -23.750       15.504
      23.500      -26.250       15.543
      23.500      -28.750       15.549
      23.500      -31.250       15.530
      23.500      -33.750       15.493
      23.500      -36.250       15.445
      23.500      -38.750       15.390
      23.500      -41.250       15.333
      23.500      -43.750       15.276
      23.500      -46.250       15.221
      23.500      -48.750       15.171
      23.500      -51.250       15.124
      23.500      -53.750       15.084
      23.500      -56.250       15.048
      23.500      -58.750       15.018
      23.500      -61.250       14.992
      23.500      -63.750       14.972
      23.500      -66.250       14.955
      23.500      -68.750       14.942
      23.500      -71.250       14.932
      23.500      -73.750       14.924
      23.500      -76.250       14.918
      23.500      -78.750       14.915
      23.500      -81.250       14.912
      23.500      -83.750       14.910
      23.500      -86.250       14.909
      23.500      -88.750       14.909
      23.500      -91.250       14.909
      23.500      -93.750       14.909
      23.500      -96.250       14.909
      23.500      -98.750       14.909
      24.000        0.000       10.670
      24.000       -1.250       11.195
      24.000       -3.750       12.113
      24.000       -6.250       12.896
      24.000       -8.750       13.550
      24.000      -11.250       14.084
      24.000      -13.750       14.508
      24.000      -16.250       14.837
      24.000      -18.750       15.081
      24.000      -21.250       15.255
      24.000      -23.750       15.371
      24.000      -26.250       15.439
      24.000      -28.750       15.469
      24.000      -31.250       15.471
      24.000      -33.750       15.452
      24.000      -36.250       15.419
      24.000      -38.750       15.376
      24.000      -41.250       15.328
      24.000      -43.750       15.277
      24.000      -46.250       15.228
      24.000      -48.750       15.180
      24.000      -51.250       15.136
      24.000      -53.750       15.096
      24.000      -56.250       15.061
      24.000      -58.750       15.031
      24.000      -61.250       15.004
      24.000      -63.750       14.983
      24.000      -66.250       14.965
      24.000      -68.750       14.950
      24.000      -71.250       14.939
      24.000      -73.750       14.930
      24.000      -76.250       14.923
      24.000      -78.750       14.919
      24.000      -81.250       14.915
      24.000      -83.750       14.913
      24.000      -86.250       14.911
      24.000      -88.750       14.910
      24.000      -91.250       14.910
      24.000      -93.750       14.909
      24.000      -96.250       14.909
      24.000      -98.750       14.909
