qa =    1444.00    1444.00    1444.00    1444.00    1444.00    1444.00    1444.00    1444.00
gsw =       0.00       0.00       0.00       0.00       0.40       0.40       0.40       0.40
wind =       0.01       0.10       1.00       5.00       0.01       0.10       1.00       5.00
tleaf =      49.40      45.77      40.88      38.18      39.84      37.71      35.78      35.17
lwrad =    1202.86    1149.67    1080.71    1044.12    1066.54    1037.71    1012.29    1004.21
sh =     241.14     294.33     363.29     399.88      67.85      65.50      45.64      20.18
lh =       0.00       0.00       0.00       0.00     309.61     340.79     386.07     419.61
 
qa =    1136.00    1136.00    1136.00    1136.00    1136.00    1136.00    1136.00    1136.00
gsw =       0.00       0.00       0.00       0.00       0.40       0.40       0.40       0.40
wind =       0.01       0.10       1.00       5.00       0.01       0.10       1.00       5.00
tleaf =      39.90      38.53      36.84      35.98      36.29      33.49      32.93      33.42
lwrad =    1067.28    1048.75    1026.25    1014.86    1018.92     982.59     975.37     981.60
sh =      68.72      87.26     109.75     121.14       6.78     -25.08    -109.03    -186.44
lh =       0.00       0.00       0.00       0.00     110.30     178.49     269.66     340.84
