     0      0.000      0.000      0.000    294.843   2586.238      0.000      0.000
     1      0.250      0.000      0.100    295.656   1542.385      0.000      0.000
     2      0.750      0.000      0.100    295.748   1527.280      0.000      0.000
     3      1.250      0.000      0.100    295.807   1517.844      0.000      0.000
     4      1.750      0.000      0.100    295.846   1511.950      0.000      0.000
     5      2.250      0.000      0.100    295.872   1508.345      0.000      0.000
     6      2.750      0.010      0.100    295.890   1506.272    296.542    295.895
     7      3.250      0.015      0.100    295.903   1505.245    296.552    295.906
     8      3.750      0.021      0.100    295.912   1504.967    296.558    295.914
     9      4.250      0.028      0.100    295.918   1505.246    296.562    295.919
    10      4.750      0.036      0.100    295.923   1505.951    296.565    295.924
    11      5.250      0.045      0.100    295.926   1506.991    296.566    295.927
    12      5.750      0.054      0.100    295.929   1508.302    296.566    295.930
    13      6.250      0.064      0.100    295.931   1509.832    296.565    295.932
    14      6.750      0.075      0.100    295.933   1511.540    296.563    295.934
    15      7.250      0.087      0.100    295.934   1513.393    296.560    295.935
    16      7.750      0.099      0.100    295.934   1515.360    296.558    295.937
    17      8.250      0.112      0.100    295.935   1517.414    296.548    295.937
    18      8.750      0.124      0.100    295.934   1519.531    296.544    295.938
    19      9.250      0.137      0.100    295.934   1521.689    296.539    295.938
    20      9.750      0.149      0.100    295.933   1523.867    296.532    295.938
    21     10.250      0.162      0.100    295.931   1526.047    296.521    295.937
    22     10.750      0.174      0.114    295.929   1528.211    296.509    295.937
    23     11.250      0.185      0.130    295.926   1530.345    296.501    295.924
    24     11.750      0.196      0.148    295.924   1532.368    296.487    295.922
    25     12.250      0.206      0.169    295.922   1534.274    296.474    295.909
    26     12.750      0.214      0.192    295.921   1536.000    296.462    295.909
    27     13.250      0.222      0.219    295.920   1537.556    296.449    295.900
    28     13.750      0.227      0.250    295.921   1538.910    296.437    295.888
    29     14.250      0.231      0.285    295.923   1540.024    296.422    295.872
    30     14.750      0.234      0.325    295.927   1540.859    296.410    295.861
    31     15.250      0.234      0.371    295.933   1541.404    296.399    295.837
    32     15.750      0.231      0.422    295.941   1541.622    296.389    295.814
    33     16.250      0.226      0.482    295.951   1541.498    296.378    295.784
    34     16.750      0.218      0.549    295.964   1541.021    296.362    295.752
    35     17.250      0.207      0.626    295.978   1540.197    296.349    295.712
    36     17.750      0.193      0.714    295.994   1539.045    296.335    295.662
    37     18.250      0.175      0.814    296.011   1537.598    296.317    295.614
    38     18.750      0.153      0.928    296.027   1535.918    296.301    295.558
    39     19.250      0.127      1.058    296.043   1534.080    296.280    295.507
    40     19.750      0.097      1.207    296.057   1532.174    296.264    295.470
    41     20.250      0.062      1.376    296.069   1530.293    296.265    295.457
    42     20.750      0.022      1.569    296.079   1528.527    296.364    295.550
    43     21.250      0.000      1.780    296.088   1526.948      0.000      0.000
    44     21.750      0.000      1.964    296.096   1525.528      0.000      0.000
    45     22.250      0.000      2.124    296.104   1524.219      0.000      0.000
    46     22.750      0.000      2.268    296.111   1522.996      0.000      0.000
    47     23.250      0.000      2.398    296.119   1521.844      0.000      0.000
    48     23.750      0.000      2.518    296.126   1520.752      0.000      0.000
    49     24.250      0.000      2.629    296.132   1519.712      0.000      0.000
    50     24.750      0.000      2.734    296.139   1518.717      0.000      0.000
    51     25.250      0.000      2.833    296.145   1517.764      0.000      0.000
    52     25.750      0.000      2.927    296.152   1516.848      0.000      0.000
    53     26.250      0.000      3.017    296.158   1515.966      0.000      0.000
    54     26.750      0.000      3.103    296.164   1515.116      0.000      0.000
    55     27.250      0.000      3.185    296.170   1514.295      0.000      0.000
    56     27.750      0.000      3.264    296.177   1513.501      0.000      0.000
    57     28.250      0.000      3.341    296.183   1512.732      0.000      0.000
    58     28.750      0.000      3.414    296.188   1511.986      0.000      0.000
    59     29.250      0.000      3.486    296.194   1511.263      0.000      0.000
    60     29.750      0.000      3.555    296.200   1510.561      0.000      0.000
    61     30.250      0.000      3.623    296.206   1509.878      0.000      0.000
    62     30.750      0.000      3.688    296.212   1509.214      0.000      0.000
    63     31.250      0.000      3.752    296.218   1508.568      0.000      0.000
    64     31.750      0.000      3.814    296.223   1507.938      0.000      0.000
    65     32.250      0.000      3.875    296.229   1507.323      0.000      0.000
    66     32.750      0.000      3.934    296.235   1506.724      0.000      0.000
    67     33.250      0.000      3.992    296.241   1506.139      0.000      0.000
    68     33.750      0.000      4.049    296.246   1505.567      0.000      0.000
    69     34.250      0.000      4.104    296.252   1505.009      0.000      0.000
    70     34.750      0.000      4.159    296.257   1504.462      0.000      0.000
    71     35.250      0.000      4.212    296.263   1503.927      0.000      0.000
    72     35.750      0.000      4.264    296.269   1503.403      0.000      0.000
    73     36.250      0.000      4.315    296.274   1502.889      0.000      0.000
    74     36.750      0.000      4.366    296.280   1502.386      0.000      0.000
    75     37.250      0.000      4.415    296.286   1501.892      0.000      0.000
    76     37.750      0.000      4.464    296.291   1501.407      0.000      0.000
    77     38.250      0.000      4.512    296.297   1500.931      0.000      0.000
    78     38.750      0.000      4.559    296.303   1500.464      0.000      0.000
    79     39.250      0.000      4.605    296.308   1500.004      0.000      0.000
    80     39.750      0.000      4.650    296.314   1499.552      0.000      0.000
    81     40.250      0.000      4.695    296.320   1499.107      0.000      0.000
    82     40.750      0.000      4.739    296.325   1498.669      0.000      0.000
    83     41.250      0.000      4.783    296.331   1498.238      0.000      0.000
    84     41.750      0.000      4.826    296.337   1497.813      0.000      0.000
    85     42.250      0.000      4.868    296.342   1497.394      0.000      0.000
    86     42.750      0.000      4.910    296.348   1496.981      0.000      0.000
    87     43.250      0.000      4.951    296.354   1496.574      0.000      0.000
    88     43.750      0.000      4.992    296.360   1496.171      0.000      0.000
    89     44.250      0.000      5.032    296.365   1495.774      0.000      0.000
    90     44.750      0.000      5.072    296.371   1495.382      0.000      0.000
    91     45.250      0.000      5.111    296.377   1494.994      0.000      0.000
    92     45.750      0.000      5.150    296.383   1494.611      0.000      0.000
