     1.000   1619.200     31.858   1309.288    109.146      2.492      8.311      3.335    2.19512    0.12209
     2.000   1619.200     32.498   1309.288    107.742      2.460      7.770      3.158    1.58674    0.11310
     3.000   1619.200     32.968   1309.288    104.989      2.397      7.301      3.045    1.31673    0.10514
     4.000   1619.200     33.340   1309.288    103.357      2.360      6.974      2.955    1.15432    0.09982
     5.000   1619.200     33.655   1309.288    101.859      2.326      6.700      2.880    1.04303    0.09542
     6.000   1619.200     33.921   1309.288    101.189      2.311      6.506      2.816    0.96015    0.09247
     7.000   1619.200     34.167   1309.288     99.885      2.281      6.297      2.761    0.89592    0.08916
     8.000   1619.200     34.390   1309.288     98.659      2.253      6.109      2.712    0.84399    0.08622
     9.000   1619.200     34.594   1309.288     97.502      2.226      5.939      2.668    0.80086    0.08356
    10.000   1619.200     34.784   1309.288     96.405      2.201      5.784      2.627    0.76429    0.08116
    11.000   1619.200     34.960   1309.288     95.363      2.178      5.640      2.590    0.73275    0.07895
    12.000   1619.200     35.126   1309.288     94.370      2.155      5.508      2.556    0.70519    0.07692
    13.000   1619.200     35.282   1309.288     93.421      2.133      5.384      2.524    0.68082    0.07504
    14.000   1619.200     35.430   1309.288     92.514      2.112      5.268      2.494    0.65907    0.07328
    15.000   1619.200     35.570   1309.288     91.644      2.093      5.160      2.466    0.63949    0.07165
    16.000   1619.200     35.704   1309.288     90.810      2.074      5.058      2.439    0.62175    0.07012
    17.000   1619.200     35.832   1309.288     90.009      2.055      4.961      2.414    0.60557    0.06868
    18.000   1619.200     35.954   1309.288     89.240      2.038      4.870      2.390    0.59074    0.06732
    19.000   1619.200     36.071   1309.288     88.498      2.021      4.783      2.367    0.57707    0.06604
    20.000   1619.200     36.184   1309.288     87.783      2.004      4.701      2.345    0.56442    0.06483
