   0.0   25.0  380.0    0.6338    0.8000    0.7000   12.3481   -0.8655   -0.8655   -0.8655    0.0000    2.0215
  10.0   25.0  380.0    0.6338    0.8000    0.7000   12.3481   -0.3276   -0.8655   -0.3281    0.0000    2.0215
  20.0   25.0  380.0    0.6338    0.8007    0.8481   14.7757    0.2911   -0.8655    0.2893    0.0080    2.0215
  30.0   25.0  380.0    0.6338    0.8021    0.8478   14.7707    0.8620   -0.8655    0.8578    0.0239    2.0215
  40.0   25.0  380.0    0.6338    0.8035    0.8474   14.7657    1.4275   -0.8655    1.4197    0.0398    2.0215
  50.0   25.0  380.0    0.6338    0.8049    0.8471   14.7607    1.9870   -0.8655    1.9744    0.0555    2.0215
  60.0   25.0  380.0    0.6338    0.8062    0.8468   14.7558    2.5400   -0.8655    2.5213    0.0712    2.0215
  70.0   25.0  380.0    0.6338    0.8075    0.8465   14.7509    3.0859   -0.8655    3.0596    0.0867    2.0215
  80.0   25.0  380.0    0.6338    0.8088    0.8462   14.7462    3.6241   -0.8655    3.5886    0.1021    2.0215
  90.0   25.0  380.0    0.6338    0.8100    0.8459   14.7414    4.1540   -0.8655    4.1075    0.1173    2.0215
 100.0   25.0  380.0    0.6338    0.8112    0.8456   14.7368    4.6747   -0.8655    4.6153    0.1322    2.0215
 110.0   25.0  380.0    0.6338    0.8124    0.8453   14.7322    5.1854   -0.8655    5.1112    0.1469    2.0215
 120.0   25.0  380.0    0.6338    0.8135    0.8450   14.7278    5.6854   -0.8655    5.5941    0.1613    2.0215
 130.0   25.0  380.0    0.6338    0.8146    0.8448   14.7234    6.1738   -0.8655    6.0629    0.1754    2.0215
 140.0   25.0  380.0    0.6338    0.8157    0.8445   14.7192    6.6495   -0.8655    6.5167    0.1892    2.0215
 150.0   25.0  380.0    0.6338    0.8167    0.8442   14.7151    7.1118   -0.8655    6.9542    0.2025    2.0215
 160.0   25.0  380.0    0.6338    0.8177    0.8440   14.7111    7.5596   -0.8655    7.3745    0.2154    2.0215
 170.0   25.0  380.0    0.6338    0.8186    0.8437   14.7073    7.9920   -0.8655    7.7765    0.2277    2.0215
 180.0   25.0  380.0    0.6338    0.8194    0.8435   14.7037    8.4081   -0.8655    8.1592    0.2396    2.0215
 190.0   25.0  380.0    0.6338    0.8203    0.8433   14.7002    8.8072   -0.8655    8.5219    0.2509    2.0215
 200.0   25.0  380.0    0.6338    0.8210    0.8431   14.6969    9.1885   -0.8655    8.8640    0.2616    2.0215
 210.0   25.0  380.0    0.6338    0.8218    0.8429   14.6938    9.5516   -0.8655    9.1849    0.2717    2.0215
 220.0   25.0  380.0    0.6338    0.8224    0.8427   14.6909    9.8959   -0.8655    9.4844    0.2811    2.0215
 230.0   25.0  380.0    0.6338    0.8231    0.8425   14.6882   10.2213   -0.8655    9.7626    0.2899    2.0215
 240.0   25.0  380.0    0.6338    0.8236    0.8424   14.6857   10.5277   -0.8655   10.0198    0.2981    2.0215
 250.0   25.0  380.0    0.6338    0.8242    0.8422   14.6834   10.8153   -0.8655   10.2565    0.3057    2.0215
 260.0   25.0  380.0    0.6338    0.8246    0.8421   14.6812   11.0846   -0.8655   10.4735    0.3126    2.0215
 270.0   25.0  380.0    0.6338    0.8251    0.8420   14.6793   11.3359   -0.8655   10.6716    0.3190    2.0215
 280.0   25.0  380.0    0.6338    0.8255    0.8419   14.6775   11.5700   -0.8655   10.8521    0.3248    2.0215
 290.0   25.0  380.0    0.6338    0.8258    0.8418   14.6758   11.7876   -0.8655   11.0161    0.3301    2.0215
 300.0   25.0  380.0    0.6338    0.8262    0.8417   14.6743   11.9896   -0.8655   11.1648    0.3349    2.0215
 310.0   25.0  380.0    0.6338    0.8265    0.8416   14.6730   12.1770   -0.8655   11.2996    0.3392    2.0215
 320.0   25.0  380.0    0.6338    0.8267    0.8415   14.6718   12.3507   -0.8655   11.4216    0.3432    2.0215
 330.0   25.0  380.0    0.6338    0.8270    0.8414   14.6707   12.5116   -0.8655   11.5321    0.3468    2.0215
 340.0   25.0  380.0    0.6338    0.8272    0.8414   14.6697   12.6606   -0.8655   11.6322    0.3500    2.0215
 350.0   25.0  380.0    0.6338    0.8274    0.8413   14.6688   12.7988   -0.8655   11.7229    0.3530    2.0215
 360.0   25.0  380.0    0.6338    0.8276    0.8413   14.6680   12.9269   -0.8655   11.8052    0.3557    2.0215
 370.0   25.0  380.0    0.6338    0.8277    0.8412   14.6672   13.0457   -0.8655   11.8800    0.3581    2.0215
 380.0   25.0  380.0    0.6338    0.8279    0.8412   14.6665   13.1561   -0.8655   11.9481    0.3603    2.0215
 390.0   25.0  380.0    0.6338    0.8280    0.8411   14.6659   13.2588   -0.8655   12.0102    0.3624    2.0215
 400.0   25.0  380.0    0.6338    0.8281    0.8411   14.6654   13.3543   -0.8655   12.0670    0.3642    2.0215
 410.0   25.0  380.0    0.6338    0.8283    0.8411   14.6649   13.4433   -0.8655   12.1189    0.3659    2.0215
 420.0   25.0  380.0    0.6338    0.8284    0.8410   14.6644   13.5264   -0.8655   12.1665    0.3675    2.0215
 430.0   25.0  380.0    0.6338    0.8285    0.8410   14.6640   13.6039   -0.8655   12.2103    0.3689    2.0215
 440.0   25.0  380.0    0.6338    0.8285    0.8410   14.6636   13.6765   -0.8655   12.2506    0.3703    2.0215
 450.0   25.0  380.0    0.6338    0.8286    0.8410   14.6632   13.7445   -0.8655   12.2878    0.3715    2.0215
 460.0   25.0  380.0    0.6338    0.8287    0.8410   14.6629   13.8083   -0.8655   12.3222    0.3726    2.0215
 470.0   25.0  380.0    0.6338    0.8288    0.8409   14.6626   13.8682   -0.8655   12.3541    0.3737    2.0215
 480.0   25.0  380.0    0.6338    0.8288    0.8409   14.6623   13.9246   -0.8655   12.3837    0.3746    2.0215
 490.0   25.0  380.0    0.6338    0.8289    0.8409   14.6620   13.9777   -0.8655   12.4113    0.3755    2.0215
 500.0   25.0  380.0    0.6338    0.8289    0.8409   14.6618   14.0277   -0.8655   12.4370    0.3764    2.0215
 510.0   25.0  380.0    0.6338    0.8290    0.8409   14.6615   14.0750   -0.8655   12.4609    0.3772    2.0215
 520.0   25.0  380.0    0.6338    0.8290    0.8409   14.6613   14.1196   -0.8655   12.4833    0.3779    2.0215
 530.0   25.0  380.0    0.6338    0.8291    0.8408   14.6611   14.1619   -0.8655   12.5043    0.3786    2.0215
 540.0   25.0  380.0    0.6338    0.8291    0.8408   14.6609   14.2020   -0.8655   12.5240    0.3793    2.0215
 550.0   25.0  380.0    0.6338    0.8292    0.8408   14.6607   14.2400   -0.8655   12.5425    0.3799    2.0215
 560.0   25.0  380.0    0.6338    0.8292    0.8408   14.6606   14.2761   -0.8655   12.5600    0.3804    2.0215
 570.0   25.0  380.0    0.6338    0.8292    0.8408   14.6604   14.3104   -0.8655   12.5764    0.3810    2.0215
 580.0   25.0  380.0    0.6338    0.8293    0.8408   14.6603   14.3430   -0.8655   12.5919    0.3815    2.0215
 590.0   25.0  380.0    0.6338    0.8293    0.8408   14.6601   14.3741   -0.8655   12.6065    0.3820    2.0215
 600.0   25.0  380.0    0.6338    0.8293    0.8408   14.6600   14.4038   -0.8655   12.6204    0.3824    2.0215
 610.0   25.0  380.0    0.6338    0.8294    0.8408   14.6599   14.4321   -0.8655   12.6336    0.3829    2.0215
 620.0   25.0  380.0    0.6338    0.8294    0.8408   14.6598   14.4592   -0.8655   12.6460    0.3833    2.0215
 630.0   25.0  380.0    0.6338    0.8294    0.8407   14.6596   14.4850   -0.8655   12.6579    0.3837    2.0215
 640.0   25.0  380.0    0.6338    0.8294    0.8407   14.6595   14.5098   -0.8655   12.6691    0.3840    2.0215
 650.0   25.0  380.0    0.6338    0.8295    0.8407   14.6594   14.5335   -0.8655   12.6798    0.3844    2.0215
 660.0   25.0  380.0    0.6338    0.8295    0.8407   14.6593   14.5563   -0.8655   12.6901    0.3847    2.0215
 670.0   25.0  380.0    0.6338    0.8295    0.8407   14.6592   14.5781   -0.8655   12.6998    0.3851    2.0215
 680.0   25.0  380.0    0.6338    0.8295    0.8407   14.6592   14.5990   -0.8655   12.7091    0.3854    2.0215
 690.0   25.0  380.0    0.6338    0.8296    0.8407   14.6591   14.6191   -0.8655   12.7180    0.3857    2.0215
 700.0   25.0  380.0    0.6338    0.8296    0.8407   14.6590   14.6385   -0.8655   12.7265    0.3859    2.0215
 710.0   25.0  380.0    0.6338    0.8296    0.8407   14.6589   14.6571   -0.8655   12.7346    0.3862    2.0215
 720.0   25.0  380.0    0.6338    0.8296    0.8407   14.6588   14.6750   -0.8655   12.7424    0.3865    2.0215
 730.0   25.0  380.0    0.6338    0.8296    0.8407   14.6588   14.6923   -0.8655   12.7499    0.3867    2.0215
 740.0   25.0  380.0    0.6338    0.8296    0.8407   14.6587   14.7089   -0.8655   12.7571    0.3869    2.0215
 750.0   25.0  380.0    0.6338    0.8297    0.8407   14.6586   14.7250   -0.8655   12.7640    0.3872    2.0215
 760.0   25.0  380.0    0.6338    0.8297    0.8407   14.6586   14.7404   -0.8655   12.7706    0.3874    2.0215
 770.0   25.0  380.0    0.6338    0.8297    0.8407   14.6585   14.7554   -0.8655   12.7770    0.3876    2.0215
 780.0   25.0  380.0    0.6338    0.8297    0.8407   14.6585   14.7699   -0.8655   12.7831    0.3878    2.0215
 790.0   25.0  380.0    0.6338    0.8297    0.8407   14.6584   14.7838   -0.8655   12.7891    0.3880    2.0215
 800.0   25.0  380.0    0.6338    0.8297    0.8407   14.6583   14.7974   -0.8655   12.7948    0.3882    2.0215
 810.0   25.0  380.0    0.6338    0.8297    0.8407   14.6583   14.8104   -0.8655   12.8002    0.3884    2.0215
 820.0   25.0  380.0    0.6338    0.8297    0.8407   14.6582   14.8231   -0.8655   12.8055    0.3885    2.0215
 830.0   25.0  380.0    0.6338    0.8298    0.8406   14.6582   14.8354   -0.8655   12.8107    0.3887    2.0215
 840.0   25.0  380.0    0.6338    0.8298    0.8406   14.6582   14.8473   -0.8655   12.8156    0.3889    2.0215
 850.0   25.0  380.0    0.6338    0.8298    0.8406   14.6581   14.8588   -0.8655   12.8204    0.3890    2.0215
 860.0   25.0  380.0    0.6338    0.8298    0.8406   14.6581   14.8700   -0.8655   12.8250    0.3892    2.0215
 870.0   25.0  380.0    0.6338    0.8298    0.8406   14.6580   14.8809   -0.8655   12.8295    0.3893    2.0215
 880.0   25.0  380.0    0.6338    0.8298    0.8406   14.6580   14.8914   -0.8655   12.8338    0.3895    2.0215
 890.0   25.0  380.0    0.6338    0.8298    0.8406   14.6579   14.9016   -0.8655   12.8380    0.3896    2.0215
 900.0   25.0  380.0    0.6338    0.8298    0.8406   14.6579   14.9116   -0.8655   12.8421    0.3898    2.0215
 910.0   25.0  380.0    0.6338    0.8298    0.8406   14.6579   14.9213   -0.8655   12.8460    0.3899    2.0215
 920.0   25.0  380.0    0.6338    0.8298    0.8406   14.6578   14.9307   -0.8655   12.8498    0.3900    2.0215
 930.0   25.0  380.0    0.6338    0.8298    0.8406   14.6578   14.9398   -0.8655   12.8535    0.3901    2.0215
 940.0   25.0  380.0    0.6338    0.8299    0.8406   14.6578   14.9487   -0.8655   12.8571    0.3903    2.0215
 950.0   25.0  380.0    0.6338    0.8299    0.8406   14.6577   14.9574   -0.8655   12.8606    0.3904    2.0215
 960.0   25.0  380.0    0.6338    0.8299    0.8406   14.6577   14.9658   -0.8655   12.8640    0.3905    2.0215
 970.0   25.0  380.0    0.6338    0.8299    0.8406   14.6577   14.9740   -0.8655   12.8673    0.3906    2.0215
 980.0   25.0  380.0    0.6338    0.8299    0.8406   14.6576   14.9820   -0.8655   12.8705    0.3907    2.0215
 990.0   25.0  380.0    0.6338    0.8299    0.8406   14.6576   14.9898   -0.8655   12.8736    0.3908    2.0215
1000.0   25.0  380.0    0.6338    0.8299    0.8406   14.6576   14.9975   -0.8655   12.8767    0.3909    2.0215
1010.0   25.0  380.0    0.6338    0.8299    0.8406   14.6576   15.0049   -0.8655   12.8796    0.3910    2.0215
1020.0   25.0  380.0    0.6338    0.8299    0.8406   14.6575   15.0121   -0.8655   12.8825    0.3911    2.0215
1030.0   25.0  380.0    0.6338    0.8299    0.8406   14.6575   15.0192   -0.8655   12.8853    0.3912    2.0215
1040.0   25.0  380.0    0.6338    0.8299    0.8406   14.6575   15.0261   -0.8655   12.8880    0.3913    2.0215
1050.0   25.0  380.0    0.6338    0.8299    0.8406   14.6574   15.0328   -0.8655   12.8907    0.3914    2.0215
1060.0   25.0  380.0    0.6338    0.8299    0.8406   14.6574   15.0394   -0.8655   12.8933    0.3915    2.0215
1070.0   25.0  380.0    0.6338    0.8299    0.8406   14.6574   15.0458   -0.8655   12.8958    0.3915    2.0215
1080.0   25.0  380.0    0.6338    0.8299    0.8406   14.6574   15.0521   -0.8655   12.8983    0.3916    2.0215
1090.0   25.0  380.0    0.6338    0.8299    0.8406   14.6574   15.0583   -0.8655   12.9007    0.3917    2.0215
1100.0   25.0  380.0    0.6338    0.8300    0.8406   14.6573   15.0643   -0.8655   12.9030    0.3918    2.0215
1110.0   25.0  380.0    0.6338    0.8300    0.8406   14.6573   15.0701   -0.8655   12.9053    0.3919    2.0215
1120.0   25.0  380.0    0.6338    0.8300    0.8406   14.6573   15.0759   -0.8655   12.9076    0.3919    2.0215
1130.0   25.0  380.0    0.6338    0.8300    0.8406   14.6573   15.0815   -0.8655   12.9098    0.3920    2.0215
1140.0   25.0  380.0    0.6338    0.8300    0.8406   14.6572   15.0870   -0.8655   12.9119    0.3921    2.0215
1150.0   25.0  380.0    0.6338    0.8300    0.8406   14.6572   15.0924   -0.8655   12.9140    0.3921    2.0215
1160.0   25.0  380.0    0.6338    0.8300    0.8406   14.6572   15.0977   -0.8655   12.9160    0.3922    2.0215
1170.0   25.0  380.0    0.6338    0.8300    0.8406   14.6572   15.1028   -0.8655   12.9180    0.3923    2.0215
1180.0   25.0  380.0    0.6338    0.8300    0.8406   14.6572   15.1079   -0.8655   12.9200    0.3923    2.0215
1190.0   25.0  380.0    0.6338    0.8300    0.8406   14.6572   15.1128   -0.8655   12.9219    0.3924    2.0215
1200.0   25.0  380.0    0.6338    0.8300    0.8406   14.6571   15.1177   -0.8655   12.9238    0.3925    2.0215
1210.0   25.0  380.0    0.6338    0.8300    0.8406   14.6571   15.1225   -0.8655   12.9256    0.3925    2.0215
1220.0   25.0  380.0    0.6338    0.8300    0.8406   14.6571   15.1271   -0.8655   12.9274    0.3926    2.0215
1230.0   25.0  380.0    0.6338    0.8300    0.8406   14.6571   15.1317   -0.8655   12.9292    0.3926    2.0215
1240.0   25.0  380.0    0.6338    0.8300    0.8406   14.6571   15.1362   -0.8655   12.9309    0.3927    2.0215
1250.0   25.0  380.0    0.6338    0.8300    0.8406   14.6571   15.1406   -0.8655   12.9326    0.3928    2.0215
1260.0   25.0  380.0    0.6338    0.8300    0.8406   14.6570   15.1449   -0.8655   12.9342    0.3928    2.0215
1270.0   25.0  380.0    0.6338    0.8300    0.8406   14.6570   15.1491   -0.8655   12.9358    0.3929    2.0215
1280.0   25.0  380.0    0.6338    0.8300    0.8406   14.6570   15.1533   -0.8655   12.9374    0.3929    2.0215
1290.0   25.0  380.0    0.6338    0.8300    0.8406   14.6570   15.1574   -0.8655   12.9390    0.3930    2.0215
1300.0   25.0  380.0    0.6338    0.8300    0.8406   14.6570   15.1614   -0.8655   12.9405    0.3930    2.0215
1310.0   25.0  380.0    0.6338    0.8300    0.8406   14.6570   15.1653   -0.8655   12.9420    0.3931    2.0215
1320.0   25.0  380.0    0.6338    0.8300    0.8406   14.6570   15.1692   -0.8655   12.9435    0.3931    2.0215
1330.0   25.0  380.0    0.6338    0.8300    0.8406   14.6569   15.1730   -0.8655   12.9449    0.3932    2.0215
1340.0   25.0  380.0    0.6338    0.8300    0.8406   14.6569   15.1767   -0.8655   12.9463    0.3932    2.0215
1350.0   25.0  380.0    0.6338    0.8300    0.8406   14.6569   15.1803   -0.8655   12.9477    0.3933    2.0215
1360.0   25.0  380.0    0.6338    0.8300    0.8406   14.6569   15.1839   -0.8655   12.9491    0.3933    2.0215
1370.0   25.0  380.0    0.6338    0.8301    0.8406   14.6569   15.1875   -0.8655   12.9504    0.3933    2.0215
1380.0   25.0  380.0    0.6338    0.8301    0.8406   14.6569   15.1910   -0.8655   12.9517    0.3934    2.0215
1390.0   25.0  380.0    0.6338    0.8301    0.8406   14.6569   15.1944   -0.8655   12.9530    0.3934    2.0215
1400.0   25.0  380.0    0.6338    0.8301    0.8406   14.6569   15.1977   -0.8655   12.9543    0.3935    2.0215
1410.0   25.0  380.0    0.6338    0.8301    0.8406   14.6568   15.2010   -0.8655   12.9555    0.3935    2.0215
1420.0   25.0  380.0    0.6338    0.8301    0.8406   14.6568   15.2043   -0.8655   12.9567    0.3936    2.0215
1430.0   25.0  380.0    0.6338    0.8301    0.8406   14.6568   15.2075   -0.8655   12.9579    0.3936    2.0215
1440.0   25.0  380.0    0.6338    0.8301    0.8406   14.6568   15.2106   -0.8655   12.9591    0.3936    2.0215
1450.0   25.0  380.0    0.6338    0.8301    0.8406   14.6568   15.2137   -0.8655   12.9603    0.3937    2.0215
1460.0   25.0  380.0    0.6338    0.8301    0.8406   14.6568   15.2168   -0.8655   12.9614    0.3937    2.0215
1470.0   25.0  380.0    0.6338    0.8301    0.8406   14.6568   15.2198   -0.8655   12.9625    0.3937    2.0215
1480.0   25.0  380.0    0.6338    0.8301    0.8406   14.6568   15.2227   -0.8655   12.9636    0.3938    2.0215
1490.0   25.0  380.0    0.6338    0.8301    0.8406   14.6568   15.2256   -0.8655   12.9647    0.3938    2.0215
1500.0   25.0  380.0    0.6338    0.8301    0.8406   14.6567   15.2285   -0.8655   12.9658    0.3939    2.0215
1510.0   25.0  380.0    0.6338    0.8301    0.8406   14.6567   15.2313   -0.8655   12.9668    0.3939    2.0215
1520.0   25.0  380.0    0.6338    0.8301    0.8405   14.6567   15.2340   -0.8655   12.9679    0.3939    2.0215
1530.0   25.0  380.0    0.6338    0.8301    0.8405   14.6567   15.2368   -0.8655   12.9689    0.3940    2.0215
1540.0   25.0  380.0    0.6338    0.8301    0.8405   14.6567   15.2395   -0.8655   12.9699    0.3940    2.0215
1550.0   25.0  380.0    0.6338    0.8301    0.8405   14.6567   15.2421   -0.8655   12.9709    0.3940    2.0215
1560.0   25.0  380.0    0.6338    0.8301    0.8405   14.6567   15.2447   -0.8655   12.9718    0.3941    2.0215
1570.0   25.0  380.0    0.6338    0.8301    0.8405   14.6567   15.2473   -0.8655   12.9728    0.3941    2.0215
1580.0   25.0  380.0    0.6338    0.8301    0.8405   14.6567   15.2498   -0.8655   12.9737    0.3941    2.0215
1590.0   25.0  380.0    0.6338    0.8301    0.8405   14.6567   15.2523   -0.8655   12.9747    0.3942    2.0215
1600.0   25.0  380.0    0.6338    0.8301    0.8405   14.6567   15.2548   -0.8655   12.9756    0.3942    2.0215
1610.0   25.0  380.0    0.6338    0.8301    0.8405   14.6566   15.2572   -0.8655   12.9765    0.3942    2.0215
1620.0   25.0  380.0    0.6338    0.8301    0.8405   14.6566   15.2596   -0.8655   12.9774    0.3942    2.0215
1630.0   25.0  380.0    0.6338    0.8301    0.8405   14.6566   15.2619   -0.8655   12.9782    0.3943    2.0215
1640.0   25.0  380.0    0.6338    0.8301    0.8405   14.6566   15.2643   -0.8655   12.9791    0.3943    2.0215
1650.0   25.0  380.0    0.6338    0.8301    0.8405   14.6566   15.2666   -0.8655   12.9799    0.3943    2.0215
1660.0   25.0  380.0    0.6338    0.8301    0.8405   14.6566   15.2688   -0.8655   12.9808    0.3944    2.0215
1670.0   25.0  380.0    0.6338    0.8301    0.8405   14.6566   15.2710   -0.8655   12.9816    0.3944    2.0215
1680.0   25.0  380.0    0.6338    0.8301    0.8405   14.6566   15.2732   -0.8655   12.9824    0.3944    2.0215
1690.0   25.0  380.0    0.6338    0.8301    0.8405   14.6566   15.2754   -0.8655   12.9832    0.3944    2.0215
1700.0   25.0  380.0    0.6338    0.8301    0.8405   14.6566   15.2775   -0.8655   12.9840    0.3945    2.0215
1710.0   25.0  380.0    0.6338    0.8301    0.8405   14.6566   15.2797   -0.8655   12.9848    0.3945    2.0215
1720.0   25.0  380.0    0.6338    0.8301    0.8405   14.6566   15.2817   -0.8655   12.9855    0.3945    2.0215
1730.0   25.0  380.0    0.6338    0.8301    0.8405   14.6566   15.2838   -0.8655   12.9863    0.3945    2.0215
1740.0   25.0  380.0    0.6338    0.8301    0.8405   14.6566   15.2858   -0.8655   12.9870    0.3946    2.0215
1750.0   25.0  380.0    0.6338    0.8301    0.8405   14.6565   15.2878   -0.8655   12.9878    0.3946    2.0215
1760.0   25.0  380.0    0.6338    0.8301    0.8405   14.6565   15.2898   -0.8655   12.9885    0.3946    2.0215
1770.0   25.0  380.0    0.6338    0.8301    0.8405   14.6565   15.2917   -0.8655   12.9892    0.3946    2.0215
1780.0   25.0  380.0    0.6338    0.8301    0.8405   14.6565   15.2937   -0.8655   12.9899    0.3947    2.0215
1790.0   25.0  380.0    0.6338    0.8301    0.8405   14.6565   15.2956   -0.8655   12.9906    0.3947    2.0215
1800.0   25.0  380.0    0.6338    0.8301    0.8405   14.6565   15.2974   -0.8655   12.9913    0.3947    2.0215
1810.0   25.0  380.0    0.6338    0.8301    0.8405   14.6565   15.2993   -0.8655   12.9920    0.3947    2.0215
1820.0   25.0  380.0    0.6338    0.8301    0.8405   14.6565   15.3011   -0.8655   12.9927    0.3947    2.0215
1830.0   25.0  380.0    0.6338    0.8301    0.8405   14.6565   15.3029   -0.8655   12.9933    0.3948    2.0215
1840.0   25.0  380.0    0.6338    0.8301    0.8405   14.6565   15.3047   -0.8655   12.9940    0.3948    2.0215
1850.0   25.0  380.0    0.6338    0.8301    0.8405   14.6565   15.3065   -0.8655   12.9946    0.3948    2.0215
1860.0   25.0  380.0    0.6338    0.8301    0.8405   14.6565   15.3082   -0.8655   12.9952    0.3948    2.0215
1870.0   25.0  380.0    0.6338    0.8302    0.8405   14.6565   15.3100   -0.8655   12.9959    0.3949    2.0215
1880.0   25.0  380.0    0.6338    0.8302    0.8405   14.6565   15.3117   -0.8655   12.9965    0.3949    2.0215
1890.0   25.0  380.0    0.6338    0.8302    0.8405   14.6565   15.3133   -0.8655   12.9971    0.3949    2.0215
1900.0   25.0  380.0    0.6338    0.8302    0.8405   14.6565   15.3150   -0.8655   12.9977    0.3949    2.0215
1910.0   25.0  380.0    0.6338    0.8302    0.8405   14.6564   15.3166   -0.8655   12.9983    0.3949    2.0215
1920.0   25.0  380.0    0.6338    0.8302    0.8405   14.6564   15.3183   -0.8655   12.9989    0.3950    2.0215
1930.0   25.0  380.0    0.6338    0.8302    0.8405   14.6564   15.3199   -0.8655   12.9995    0.3950    2.0215
1940.0   25.0  380.0    0.6338    0.8302    0.8405   14.6564   15.3214   -0.8655   13.0001    0.3950    2.0215
1950.0   25.0  380.0    0.6338    0.8302    0.8405   14.6564   15.3230   -0.8655   13.0006    0.3950    2.0215
1960.0   25.0  380.0    0.6338    0.8302    0.8405   14.6564   15.3246   -0.8655   13.0012    0.3950    2.0215
1970.0   25.0  380.0    0.6338    0.8302    0.8405   14.6564   15.3261   -0.8655   13.0017    0.3951    2.0215
1980.0   25.0  380.0    0.6338    0.8302    0.8405   14.6564   15.3276   -0.8655   13.0023    0.3951    2.0215
1990.0   25.0  380.0    0.6338    0.8302    0.8405   14.6564   15.3291   -0.8655   13.0028    0.3951    2.0215
2000.0   25.0  380.0    0.6338    0.8302    0.8405   14.6564   15.3306   -0.8655   13.0034    0.3951    2.0215
