   0.0000   25.0000  380.0000    0.7000   12.8404   -0.9000   -0.9000
  10.0000   25.0000  380.0000    0.7000   12.8404   -0.3620   -0.3625
  20.0000   25.0000  380.0000    0.7000   12.8404    0.1720    0.1702
  30.0000   25.0000  380.0000    0.7000   12.8404    0.7017    0.6975
  40.0000   25.0000  380.0000    0.7000   12.8404    1.2266    1.2189
  50.0000   25.0000  380.0000    0.7000   12.8404    1.7465    1.7340
  60.0000   25.0000  380.0000    0.7000   12.8404    2.2608    2.2422
  70.0000   25.0000  380.0000    0.7000   12.8404    2.7691    2.7428
  80.0000   25.0000  380.0000    0.7000   12.8404    3.2707    3.2351
  90.0000   25.0000  380.0000    0.7000   12.8404    3.7652    3.7185
 100.0000   25.0000  380.0000    0.7000   12.8404    4.2519    4.1920
 110.0000   25.0000  380.0000    0.7000   12.8404    4.7302    4.6548
 120.0000   25.0000  380.0000    0.7000   12.8404    5.1992    5.1059
 130.0000   25.0000  380.0000    0.7000   12.8404    5.6583    5.5445
 140.0000   25.0000  380.0000    0.7000   12.8404    6.1067    5.9693
 150.0000   25.0000  380.0000    0.7000   12.8404    6.5436    6.3795
 160.0000   25.0000  380.0000    0.7000   12.8404    6.9681    6.7739
 170.0000   25.0000  380.0000    0.7000   12.8404    7.3794    7.1515
 180.0000   25.0000  380.0000    0.7000   12.8404    7.7768    7.5112
 190.0000   25.0000  380.0000    0.7000   12.8404    8.1594    7.8523
 200.0000   25.0000  380.0000    0.7000   12.8404    8.5267    8.1738
 210.0000   25.0000  380.0000    0.7000   12.8404    8.8780    8.4753
 220.0000   25.0000  380.0000    0.7000   12.8404    9.2129    8.7563
 230.0000   25.0000  380.0000    0.7000   12.8404    9.5310    9.0167
 240.0000   25.0000  380.0000    0.7000   12.8404    9.8323    9.2566
 250.0000   25.0000  380.0000    0.7000   12.8404   10.1166    9.4764
 260.0000   25.0000  380.0000    0.7000   12.8404   10.3841    9.6768
 270.0000   25.0000  380.0000    0.7000   12.8404   10.6351    9.8587
 280.0000   25.0000  380.0000    0.7000   12.8404   10.8701   10.0230
 290.0000   25.0000  380.0000    0.7000   12.8404   11.0896   10.1711
 300.0000   25.0000  380.0000    0.7000   12.8404   11.2942   10.3043
 310.0000   25.0000  380.0000    0.7000   12.8404   11.4848   10.4237
 320.0000   25.0000  380.0000    0.7000   12.8404   11.6622   10.5307
 330.0000   25.0000  380.0000    0.7000   12.8404   11.8270   10.6266
 340.0000   25.0000  380.0000    0.7000   12.8404   11.9802   10.7126
 350.0000   25.0000  380.0000    0.7000   12.8404   12.1225   10.7897
 360.0000   25.0000  380.0000    0.7000   12.8404   12.2548   10.8590
 370.0000   25.0000  380.0000    0.7000   12.8404   12.3777   10.9213
 380.0000   25.0000  380.0000    0.7000   12.8404   12.4921   10.9775
 390.0000   25.0000  380.0000    0.7000   12.8404   12.5987   11.0283
 400.0000   25.0000  380.0000    0.7000   12.8404   12.6979   11.0742
 410.0000   25.0000  380.0000    0.7000   12.8404   12.7905   11.1159
 420.0000   25.0000  380.0000    0.7000   12.8404   12.8769   11.1539
 430.0000   25.0000  380.0000    0.7000   12.8404   12.9577   11.1885
 440.0000   25.0000  380.0000    0.7000   12.8404   13.0333   11.2201
 450.0000   25.0000  380.0000    0.7000   12.8404   13.1042   11.2491
 460.0000   25.0000  380.0000    0.7000   12.8404   13.1707   11.2757
 470.0000   25.0000  380.0000    0.7000   12.8404   13.2331   11.3002
 480.0000   25.0000  380.0000    0.7000   12.8404   13.2919   11.3229
 490.0000   25.0000  380.0000    0.7000   12.8404   13.3472   11.3438
 500.0000   25.0000  380.0000    0.7000   12.8404   13.3993   11.3632
 510.0000   25.0000  380.0000    0.7000   12.8404   13.4486   11.3812
 520.0000   25.0000  380.0000    0.7000   12.8404   13.4951   11.3980
 530.0000   25.0000  380.0000    0.7000   12.8404   13.5392   11.4136
 540.0000   25.0000  380.0000    0.7000   12.8404   13.5809   11.4283
 550.0000   25.0000  380.0000    0.7000   12.8404   13.6205   11.4419
 560.0000   25.0000  380.0000    0.7000   12.8404   13.6580   11.4548
 570.0000   25.0000  380.0000    0.7000   12.8404   13.6937   11.4668
 580.0000   25.0000  380.0000    0.7000   12.8404   13.7277   11.4781
 590.0000   25.0000  380.0000    0.7000   12.8404   13.7600   11.4888
 600.0000   25.0000  380.0000    0.7000   12.8404   13.7909   11.4989
 610.0000   25.0000  380.0000    0.7000   12.8404   13.8203   11.5084
 620.0000   25.0000  380.0000    0.7000   12.8404   13.8484   11.5174
 630.0000   25.0000  380.0000    0.7000   12.8404   13.8753   11.5259
 640.0000   25.0000  380.0000    0.7000   12.8404   13.9010   11.5340
 650.0000   25.0000  380.0000    0.7000   12.8404   13.9256   11.5417
 660.0000   25.0000  380.0000    0.7000   12.8404   13.9491   11.5490
 670.0000   25.0000  380.0000    0.7000   12.8404   13.9717   11.5559
 680.0000   25.0000  380.0000    0.7000   12.8404   13.9934   11.5625
 690.0000   25.0000  380.0000    0.7000   12.8404   14.0143   11.5688
 700.0000   25.0000  380.0000    0.7000   12.8404   14.0343   11.5749
 710.0000   25.0000  380.0000    0.7000   12.8404   14.0536   11.5806
 720.0000   25.0000  380.0000    0.7000   12.8404   14.0721   11.5861
 730.0000   25.0000  380.0000    0.7000   12.8404   14.0900   11.5914
 740.0000   25.0000  380.0000    0.7000   12.8404   14.1072   11.5964
 750.0000   25.0000  380.0000    0.7000   12.8404   14.1238   11.6013
 760.0000   25.0000  380.0000    0.7000   12.8404   14.1398   11.6059
 770.0000   25.0000  380.0000    0.7000   12.8404   14.1553   11.6104
 780.0000   25.0000  380.0000    0.7000   12.8404   14.1702   11.6147
 790.0000   25.0000  380.0000    0.7000   12.8404   14.1846   11.6188
 800.0000   25.0000  380.0000    0.7000   12.8404   14.1986   11.6227
 810.0000   25.0000  380.0000    0.7000   12.8404   14.2121   11.6266
 820.0000   25.0000  380.0000    0.7000   12.8404   14.2252   11.6302
 830.0000   25.0000  380.0000    0.7000   12.8404   14.2378   11.6338
 840.0000   25.0000  380.0000    0.7000   12.8404   14.2501   11.6372
 850.0000   25.0000  380.0000    0.7000   12.8404   14.2620   11.6405
 860.0000   25.0000  380.0000    0.7000   12.8404   14.2735   11.6437
 870.0000   25.0000  380.0000    0.7000   12.8404   14.2847   11.6468
 880.0000   25.0000  380.0000    0.7000   12.8404   14.2955   11.6498
 890.0000   25.0000  380.0000    0.7000   12.8404   14.3061   11.6527
 900.0000   25.0000  380.0000    0.7000   12.8404   14.3163   11.6555
 910.0000   25.0000  380.0000    0.7000   12.8404   14.3263   11.6582
 920.0000   25.0000  380.0000    0.7000   12.8404   14.3359   11.6608
 930.0000   25.0000  380.0000    0.7000   12.8404   14.3454   11.6633
 940.0000   25.0000  380.0000    0.7000   12.8404   14.3545   11.6658
 950.0000   25.0000  380.0000    0.7000   12.8404   14.3634   11.6682
 960.0000   25.0000  380.0000    0.7000   12.8404   14.3721   11.6705
 970.0000   25.0000  380.0000    0.7000   12.8404   14.3805   11.6728
 980.0000   25.0000  380.0000    0.7000   12.8404   14.3888   11.6750
 990.0000   25.0000  380.0000    0.7000   12.8404   14.3968   11.6771
1000.0000   25.0000  380.0000    0.7000   12.8404   14.4046   11.6792
1010.0000   25.0000  380.0000    0.7000   12.8404   14.4122   11.6812
1020.0000   25.0000  380.0000    0.7000   12.8404   14.4197   11.6831
1030.0000   25.0000  380.0000    0.7000   12.8404   14.4269   11.6851
1040.0000   25.0000  380.0000    0.7000   12.8404   14.4340   11.6869
1050.0000   25.0000  380.0000    0.7000   12.8404   14.4409   11.6887
1060.0000   25.0000  380.0000    0.7000   12.8404   14.4477   11.6905
1070.0000   25.0000  380.0000    0.7000   12.8404   14.4543   11.6922
1080.0000   25.0000  380.0000    0.7000   12.8404   14.4607   11.6939
1090.0000   25.0000  380.0000    0.7000   12.8404   14.4670   11.6955
1100.0000   25.0000  380.0000    0.7000   12.8404   14.4732   11.6971
1110.0000   25.0000  380.0000    0.7000   12.8404   14.4792   11.6987
1120.0000   25.0000  380.0000    0.7000   12.8404   14.4851   11.7002
1130.0000   25.0000  380.0000    0.7000   12.8404   14.4908   11.7017
1140.0000   25.0000  380.0000    0.7000   12.8404   14.4965   11.7031
1150.0000   25.0000  380.0000    0.7000   12.8404   14.5020   11.7045
1160.0000   25.0000  380.0000    0.7000   12.8404   14.5074   11.7059
1170.0000   25.0000  380.0000    0.7000   12.8404   14.5127   11.7072
1180.0000   25.0000  380.0000    0.7000   12.8404   14.5178   11.7086
1190.0000   25.0000  380.0000    0.7000   12.8404   14.5229   11.7099
1200.0000   25.0000  380.0000    0.7000   12.8404   14.5279   11.7111
1210.0000   25.0000  380.0000    0.7000   12.8404   14.5328   11.7123
1220.0000   25.0000  380.0000    0.7000   12.8404   14.5375   11.7136
1230.0000   25.0000  380.0000    0.7000   12.8404   14.5422   11.7147
1240.0000   25.0000  380.0000    0.7000   12.8404   14.5468   11.7159
1250.0000   25.0000  380.0000    0.7000   12.8404   14.5513   11.7170
1260.0000   25.0000  380.0000    0.7000   12.8404   14.5557   11.7181
1270.0000   25.0000  380.0000    0.7000   12.8404   14.5600   11.7192
1280.0000   25.0000  380.0000    0.7000   12.8404   14.5643   11.7203
1290.0000   25.0000  380.0000    0.7000   12.8404   14.5685   11.7213
1300.0000   25.0000  380.0000    0.7000   12.8404   14.5726   11.7224
1310.0000   25.0000  380.0000    0.7000   12.8404   14.5766   11.7234
1320.0000   25.0000  380.0000    0.7000   12.8404   14.5805   11.7244
1330.0000   25.0000  380.0000    0.7000   12.8404   14.5844   11.7253
1340.0000   25.0000  380.0000    0.7000   12.8404   14.5882   11.7263
1350.0000   25.0000  380.0000    0.7000   12.8404   14.5919   11.7272
1360.0000   25.0000  380.0000    0.7000   12.8404   14.5956   11.7281
1370.0000   25.0000  380.0000    0.7000   12.8404   14.5992   11.7290
1380.0000   25.0000  380.0000    0.7000   12.8404   14.6028   11.7299
1390.0000   25.0000  380.0000    0.7000   12.8404   14.6063   11.7307
1400.0000   25.0000  380.0000    0.7000   12.8404   14.6097   11.7316
1410.0000   25.0000  380.0000    0.7000   12.8404   14.6131   11.7324
1420.0000   25.0000  380.0000    0.7000   12.8404   14.6164   11.7332
1430.0000   25.0000  380.0000    0.7000   12.8404   14.6196   11.7340
1440.0000   25.0000  380.0000    0.7000   12.8404   14.6229   11.7348
1450.0000   25.0000  380.0000    0.7000   12.8404   14.6260   11.7356
1460.0000   25.0000  380.0000    0.7000   12.8404   14.6291   11.7364
1470.0000   25.0000  380.0000    0.7000   12.8404   14.6322   11.7371
1480.0000   25.0000  380.0000    0.7000   12.8404   14.6352   11.7379
1490.0000   25.0000  380.0000    0.7000   12.8404   14.6381   11.7386
1500.0000   25.0000  380.0000    0.7000   12.8404   14.6411   11.7393
1510.0000   25.0000  380.0000    0.7000   12.8404   14.6439   11.7400
1520.0000   25.0000  380.0000    0.7000   12.8404   14.6467   11.7407
1530.0000   25.0000  380.0000    0.7000   12.8404   14.6495   11.7414
1540.0000   25.0000  380.0000    0.7000   12.8404   14.6523   11.7420
1550.0000   25.0000  380.0000    0.7000   12.8404   14.6550   11.7427
1560.0000   25.0000  380.0000    0.7000   12.8404   14.6576   11.7433
1570.0000   25.0000  380.0000    0.7000   12.8404   14.6602   11.7440
1580.0000   25.0000  380.0000    0.7000   12.8404   14.6628   11.7446
1590.0000   25.0000  380.0000    0.7000   12.8404   14.6654   11.7452
1600.0000   25.0000  380.0000    0.7000   12.8404   14.6679   11.7458
1610.0000   25.0000  380.0000    0.7000   12.8404   14.6703   11.7464
1620.0000   25.0000  380.0000    0.7000   12.8404   14.6728   11.7470
1630.0000   25.0000  380.0000    0.7000   12.8404   14.6752   11.7476
1640.0000   25.0000  380.0000    0.7000   12.8404   14.6775   11.7481
1650.0000   25.0000  380.0000    0.7000   12.8404   14.6799   11.7487
1660.0000   25.0000  380.0000    0.7000   12.8404   14.6822   11.7493
1670.0000   25.0000  380.0000    0.7000   12.8404   14.6844   11.7498
1680.0000   25.0000  380.0000    0.7000   12.8404   14.6867   11.7503
1690.0000   25.0000  380.0000    0.7000   12.8404   14.6889   11.7509
1700.0000   25.0000  380.0000    0.7000   12.8404   14.6911   11.7514
1710.0000   25.0000  380.0000    0.7000   12.8404   14.6932   11.7519
1720.0000   25.0000  380.0000    0.7000   12.8404   14.6953   11.7524
1730.0000   25.0000  380.0000    0.7000   12.8404   14.6974   11.7529
1740.0000   25.0000  380.0000    0.7000   12.8404   14.6995   11.7534
1750.0000   25.0000  380.0000    0.7000   12.8404   14.7015   11.7539
1760.0000   25.0000  380.0000    0.7000   12.8404   14.7035   11.7544
1770.0000   25.0000  380.0000    0.7000   12.8404   14.7055   11.7549
1780.0000   25.0000  380.0000    0.7000   12.8404   14.7075   11.7553
1790.0000   25.0000  380.0000    0.7000   12.8404   14.7094   11.7558
1800.0000   25.0000  380.0000    0.7000   12.8404   14.7113   11.7563
1810.0000   25.0000  380.0000    0.7000   12.8404   14.7132   11.7567
1820.0000   25.0000  380.0000    0.7000   12.8404   14.7151   11.7571
1830.0000   25.0000  380.0000    0.7000   12.8404   14.7169   11.7576
1840.0000   25.0000  380.0000    0.7000   12.8404   14.7187   11.7580
1850.0000   25.0000  380.0000    0.7000   12.8404   14.7205   11.7584
1860.0000   25.0000  380.0000    0.7000   12.8404   14.7223   11.7589
1870.0000   25.0000  380.0000    0.7000   12.8404   14.7241   11.7593
1880.0000   25.0000  380.0000    0.7000   12.8404   14.7258   11.7597
1890.0000   25.0000  380.0000    0.7000   12.8404   14.7275   11.7601
1900.0000   25.0000  380.0000    0.7000   12.8404   14.7292   11.7605
1910.0000   25.0000  380.0000    0.7000   12.8404   14.7309   11.7609
1920.0000   25.0000  380.0000    0.7000   12.8404   14.7325   11.7613
1930.0000   25.0000  380.0000    0.7000   12.8404   14.7341   11.7617
1940.0000   25.0000  380.0000    0.7000   12.8404   14.7357   11.7620
1950.0000   25.0000  380.0000    0.7000   12.8404   14.7373   11.7624
1960.0000   25.0000  380.0000    0.7000   12.8404   14.7389   11.7628
1970.0000   25.0000  380.0000    0.7000   12.8404   14.7405   11.7632
1980.0000   25.0000  380.0000    0.7000   12.8404   14.7420   11.7635
1990.0000   25.0000  380.0000    0.7000   12.8404   14.7435   11.7639
2000.0000   25.0000  380.0000    0.7000   12.8404   14.7450   11.7642
